,Survived,Pclass,Age,SibSp,Parch,Fare,Family,Sex_male,Embarked_Q,Embarked_S,Title_Miss,Title_Mr,Title_Mrs
0,0.0,3,22.0,1,0,7.25,2,1,0,1,0,1,0
1,1.0,1,38.0,1,0,71.2833,2,0,0,0,0,0,1
2,1.0,3,26.0,0,0,7.925,1,0,0,1,1,0,0
3,1.0,1,35.0,1,0,53.1,2,0,0,1,0,0,1
4,0.0,3,35.0,0,0,8.05,1,1,0,1,0,1,0
5,0.0,3,30.0,0,0,8.4583,1,1,1,0,0,1,0
6,0.0,1,54.0,0,0,51.8625,1,1,0,1,0,1,0
7,0.0,3,2.0,3,1,21.075,5,1,0,1,0,0,0
8,1.0,3,27.0,0,2,11.1333,3,0,0,1,0,0,1
9,1.0,2,14.0,1,0,30.0708,2,0,0,0,0,0,1
10,1.0,3,4.0,1,1,16.7,3,0,0,1,1,0,0
11,1.0,1,58.0,0,0,26.55,1,0,0,1,1,0,0
12,0.0,3,20.0,0,0,8.05,1,1,0,1,0,1,0
13,0.0,3,39.0,1,5,31.275,7,1,0,1,0,1,0
14,0.0,3,14.0,0,0,7.8542,1,0,0,1,1,0,0
15,1.0,2,55.0,0,0,16.0,1,0,0,1,0,0,1
16,0.0,3,2.0,4,1,29.125,6,1,1,0,0,0,0
17,1.0,2,30.0,0,0,13.0,1,1,0,1,0,1,0
18,0.0,3,31.0,1,0,18.0,2,0,0,1,0,0,1
19,1.0,3,35.5,0,0,7.225,1,0,0,0,0,0,1
20,0.0,2,35.0,0,0,26.0,1,1,0,1,0,1,0
21,1.0,2,34.0,0,0,13.0,1,1,0,1,0,1,0
22,1.0,3,15.0,0,0,8.0292,1,0,1,0,1,0,0
23,1.0,1,28.0,0,0,35.5,1,1,0,1,0,1,0
24,0.0,3,8.0,3,1,21.075,5,0,0,1,1,0,0
25,1.0,3,38.0,1,5,31.3875,7,0,0,1,0,0,1
26,0.0,3,30.0,0,0,7.225,1,1,0,0,0,1,0
27,0.0,1,19.0,3,2,263.0,6,1,0,1,0,1,0
28,1.0,3,22.0,0,0,7.8792,1,0,1,0,1,0,0
29,0.0,3,30.0,0,0,7.8958,1,1,0,1,0,1,0
30,0.0,1,40.0,0,0,27.7208,1,1,0,0,0,1,0
31,1.0,1,35.5,1,0,146.5208,2,0,0,0,0,0,1
32,1.0,3,22.0,0,0,7.75,1,0,1,0,1,0,0
33,0.0,2,66.0,0,0,10.5,1,1,0,1,0,1,0
34,0.0,1,28.0,1,0,82.1708,2,1,0,0,0,1,0
35,0.0,1,42.0,1,0,52.0,2,1,0,1,0,1,0
36,1.0,3,30.0,0,0,7.2292,1,1,0,0,0,1,0
37,0.0,3,21.0,0,0,8.05,1,1,0,1,0,1,0
38,0.0,3,18.0,2,0,18.0,3,0,0,1,1,0,0
39,1.0,3,14.0,1,0,11.2417,2,0,0,0,1,0,0
40,0.0,3,40.0,1,0,9.475,2,0,0,1,0,0,1
41,0.0,2,27.0,1,0,21.0,2,0,0,1,0,0,1
42,0.0,3,30.0,0,0,7.8958,1,1,0,0,0,1,0
43,1.0,2,3.0,1,2,41.5792,4,0,0,0,1,0,0
44,1.0,3,19.0,0,0,7.8792,1,0,1,0,1,0,0
45,0.0,3,30.0,0,0,8.05,1,1,0,1,0,1,0
46,0.0,3,30.0,1,0,15.5,2,1,1,0,0,1,0
47,1.0,3,22.0,0,0,7.75,1,0,1,0,1,0,0
48,0.0,3,30.0,2,0,21.6792,3,1,0,0,0,1,0
49,0.0,3,18.0,1,0,17.8,2,0,0,1,0,0,1
50,0.0,3,7.0,4,1,39.6875,6,1,0,1,0,0,0
51,0.0,3,21.0,0,0,7.8,1,1,0,1,0,1,0
52,1.0,1,49.0,1,0,76.7292,2,0,0,0,0,0,1
53,1.0,2,29.0,1,0,26.0,2,0,0,1,0,0,1
54,0.0,1,65.0,0,1,61.9792,2,1,0,0,0,1,0
55,1.0,1,30.0,0,0,35.5,1,1,0,1,0,1,0
56,1.0,2,21.0,0,0,10.5,1,0,0,1,1,0,0
57,0.0,3,28.5,0,0,7.2292,1,1,0,0,0,1,0
58,1.0,2,5.0,1,2,27.75,4,0,0,1,1,0,0
59,0.0,3,11.0,5,2,46.9,8,1,0,1,0,0,0
60,0.0,3,22.0,0,0,7.2292,1,1,0,0,0,1,0
61,1.0,1,38.0,0,0,80.0,1,0,0,1,1,0,0
62,0.0,1,45.0,1,0,83.475,2,1,0,1,0,1,0
63,0.0,3,4.0,3,2,27.9,6,1,0,1,0,0,0
64,0.0,1,30.0,0,0,27.7208,1,1,0,0,0,1,0
65,1.0,3,4.0,1,1,15.2458,3,1,0,0,0,0,0
66,1.0,2,29.0,0,0,10.5,1,0,0,1,0,0,1
67,0.0,3,19.0,0,0,8.1583,1,1,0,1,0,1,0
68,1.0,3,17.0,4,2,7.925,7,0,0,1,1,0,0
69,0.0,3,26.0,2,0,8.6625,3,1,0,1,0,1,0
70,0.0,2,32.0,0,0,10.5,1,1,0,1,0,1,0
71,0.0,3,16.0,5,2,46.9,8,0,0,1,1,0,0
72,0.0,2,21.0,0,0,73.5,1,1,0,1,0,1,0
73,0.0,3,26.0,1,0,14.4542,2,1,0,0,0,1,0
74,1.0,3,32.0,0,0,56.4958,1,1,0,1,0,1,0
75,0.0,3,25.0,0,0,7.65,1,1,0,1,0,1,0
76,0.0,3,30.0,0,0,7.8958,1,1,0,1,0,1,0
77,0.0,3,30.0,0,0,8.05,1,1,0,1,0,1,0
78,1.0,2,0.83,0,2,29.0,3,1,0,1,0,0,0
79,1.0,3,30.0,0,0,12.475,1,0,0,1,1,0,0
80,0.0,3,22.0,0,0,9.0,1,1,0,1,0,1,0
81,1.0,3,29.0,0,0,9.5,1,1,0,1,0,1,0
82,1.0,3,22.0,0,0,7.7875,1,0,1,0,1,0,0
83,0.0,1,28.0,0,0,47.1,1,1,0,1,0,1,0
84,1.0,2,17.0,0,0,10.5,1,0,0,1,1,0,0
85,1.0,3,33.0,3,0,15.85,4,0,0,1,0,0,1
86,0.0,3,16.0,1,3,34.375,5,1,0,1,0,1,0
87,0.0,3,30.0,0,0,8.05,1,1,0,1,0,1,0
88,1.0,1,23.0,3,2,263.0,6,0,0,1,1,0,0
89,0.0,3,24.0,0,0,8.05,1,1,0,1,0,1,0
90,0.0,3,29.0,0,0,8.05,1,1,0,1,0,1,0
91,0.0,3,20.0,0,0,7.8542,1,1,0,1,0,1,0
92,0.0,1,46.0,1,0,61.175,2,1,0,1,0,1,0
93,0.0,3,26.0,1,2,20.575,4,1,0,1,0,1,0
94,0.0,3,59.0,0,0,7.25,1,1,0,1,0,1,0
95,0.0,3,30.0,0,0,8.05,1,1,0,1,0,1,0
96,0.0,1,71.0,0,0,34.6542,1,1,0,0,0,1,0
97,1.0,1,23.0,0,1,63.3583,2,1,0,0,0,1,0
98,1.0,2,34.0,0,1,23.0,2,0,0,1,0,0,1
99,0.0,2,34.0,1,0,26.0,2,1,0,1,0,1,0
100,0.0,3,28.0,0,0,7.8958,1,0,0,1,1,0,0
101,0.0,3,30.0,0,0,7.8958,1,1,0,1,0,1,0
102,0.0,1,21.0,0,1,77.2875,2,1,0,1,0,1,0
103,0.0,3,33.0,0,0,8.6542,1,1,0,1,0,1,0
104,0.0,3,37.0,2,0,7.925,3,1,0,1,0,1,0
105,0.0,3,28.0,0,0,7.8958,1,1,0,1,0,1,0
106,1.0,3,21.0,0,0,7.65,1,0,0,1,1,0,0
107,1.0,3,30.0,0,0,7.775,1,1,0,1,0,1,0
108,0.0,3,38.0,0,0,7.8958,1,1,0,1,0,1,0
109,1.0,3,22.0,1,0,24.15,2,0,1,0,1,0,0
110,0.0,1,47.0,0,0,52.0,1,1,0,1,0,1,0
111,0.0,3,14.5,1,0,14.4542,2,0,0,0,1,0,0
112,0.0,3,22.0,0,0,8.05,1,1,0,1,0,1,0
113,0.0,3,20.0,1,0,9.825,2,0,0,1,1,0,0
114,0.0,3,17.0,0,0,14.4583,1,0,0,0,1,0,0
115,0.0,3,21.0,0,0,7.925,1,1,0,1,0,1,0
116,0.0,3,70.5,0,0,7.75,1,1,1,0,0,1,0
117,0.0,2,29.0,1,0,21.0,2,1,0,1,0,1,0
118,0.0,1,24.0,0,1,247.5208,2,1,0,0,0,1,0
119,0.0,3,2.0,4,2,31.275,7,0,0,1,1,0,0
120,0.0,2,21.0,2,0,73.5,3,1,0,1,0,1,0
121,0.0,3,30.0,0,0,8.05,1,1,0,1,0,1,0
122,0.0,2,32.5,1,0,30.0708,2,1,0,0,0,1,0
123,1.0,2,32.5,0,0,13.0,1,0,0,1,1,0,0
124,0.0,1,54.0,0,1,77.2875,2,1,0,1,0,1,0
125,1.0,3,12.0,1,0,11.2417,2,1,0,0,0,0,0
126,0.0,3,30.0,0,0,7.75,1,1,1,0,0,1,0
127,1.0,3,24.0,0,0,7.1417,1,1,0,1,0,1,0
128,1.0,3,22.0,1,1,22.3583,3,0,0,0,1,0,0
129,0.0,3,45.0,0,0,6.975,1,1,0,1,0,1,0
130,0.0,3,33.0,0,0,7.8958,1,1,0,0,0,1,0
131,0.0,3,20.0,0,0,7.05,1,1,0,1,0,1,0
132,0.0,3,47.0,1,0,14.5,2,0,0,1,0,0,1
133,1.0,2,29.0,1,0,26.0,2,0,0,1,0,0,1
134,0.0,2,25.0,0,0,13.0,1,1,0,1,0,1,0
135,0.0,2,23.0,0,0,15.0458,1,1,0,0,0,1,0
136,1.0,1,19.0,0,2,26.2833,3,0,0,1,1,0,0
137,0.0,1,37.0,1,0,53.1,2,1,0,1,0,1,0
138,0.0,3,16.0,0,0,9.2167,1,1,0,1,0,1,0
139,0.0,1,24.0,0,0,79.2,1,1,0,0,0,1,0
140,0.0,3,35.5,0,2,15.2458,3,0,0,0,0,0,1
141,1.0,3,22.0,0,0,7.75,1,0,0,1,1,0,0
142,1.0,3,24.0,1,0,15.85,2,0,0,1,0,0,1
143,0.0,3,19.0,0,0,6.75,1,1,1,0,0,1,0
144,0.0,2,18.0,0,0,11.5,1,1,0,1,0,1,0
145,0.0,2,19.0,1,1,36.75,3,1,0,1,0,1,0
146,1.0,3,27.0,0,0,7.7958,1,1,0,1,0,1,0
147,0.0,3,9.0,2,2,34.375,5,0,0,1,1,0,0
148,0.0,2,36.5,0,2,26.0,3,1,0,1,0,1,0
149,0.0,2,42.0,0,0,13.0,1,1,0,1,0,1,0
150,0.0,2,51.0,0,0,12.525,1,1,0,1,0,1,0
151,1.0,1,22.0,1,0,66.6,2,0,0,1,0,0,1
152,0.0,3,55.5,0,0,8.05,1,1,0,1,0,1,0
153,0.0,3,40.5,0,2,14.5,3,1,0,1,0,1,0
154,0.0,3,30.0,0,0,7.3125,1,1,0,1,0,1,0
155,0.0,1,51.0,0,1,61.3792,2,1,0,0,0,1,0
156,1.0,3,16.0,0,0,7.7333,1,0,1,0,1,0,0
157,0.0,3,30.0,0,0,8.05,1,1,0,1,0,1,0
158,0.0,3,30.0,0,0,8.6625,1,1,0,1,0,1,0
159,0.0,3,4.0,8,2,69.55,11,1,0,1,0,0,0
160,0.0,3,44.0,0,1,16.1,2,1,0,1,0,1,0
161,1.0,2,40.0,0,0,15.75,1,0,0,1,0,0,1
162,0.0,3,26.0,0,0,7.775,1,1,0,1,0,1,0
163,0.0,3,17.0,0,0,8.6625,1,1,0,1,0,1,0
164,0.0,3,1.0,4,1,39.6875,6,1,0,1,0,0,0
165,1.0,3,9.0,0,2,20.525,3,1,0,1,0,0,0
166,1.0,1,35.5,0,1,55.0,2,0,0,1,0,0,1
167,0.0,3,45.0,1,4,27.9,6,0,0,1,0,0,1
168,0.0,1,30.0,0,0,25.925,1,1,0,1,0,1,0
169,0.0,3,28.0,0,0,56.4958,1,1,0,1,0,1,0
170,0.0,1,61.0,0,0,33.5,1,1,0,1,0,1,0
171,0.0,3,4.0,4,1,29.125,6,1,1,0,0,0,0
172,1.0,3,1.0,1,1,11.1333,3,0,0,1,1,0,0
173,0.0,3,21.0,0,0,7.925,1,1,0,1,0,1,0
174,0.0,1,56.0,0,0,30.6958,1,1,0,0,0,1,0
175,0.0,3,18.0,1,1,7.8542,3,1,0,1,0,1,0
176,0.0,3,4.0,3,1,25.4667,5,1,0,1,0,0,0
177,0.0,1,50.0,0,0,28.7125,1,0,0,0,1,0,0
178,0.0,2,30.0,0,0,13.0,1,1,0,1,0,1,0
179,0.0,3,36.0,0,0,0.0,1,1,0,1,0,1,0
180,0.0,3,22.0,8,2,69.55,11,0,0,1,1,0,0
181,0.0,2,30.0,0,0,15.05,1,1,0,0,0,1,0
182,0.0,3,9.0,4,2,31.3875,7,1,0,1,0,0,0
183,1.0,2,1.0,2,1,39.0,4,1,0,1,0,0,0
184,1.0,3,4.0,0,2,22.025,3,0,0,1,1,0,0
185,0.0,1,30.0,0,0,50.0,1,1,0,1,0,1,0
186,1.0,3,35.5,1,0,15.5,2,0,1,0,0,0,1
187,1.0,1,45.0,0,0,26.55,1,1,0,1,0,1,0
188,0.0,3,40.0,1,1,15.5,3,1,1,0,0,1,0
189,0.0,3,36.0,0,0,7.8958,1,1,0,1,0,1,0
190,1.0,2,32.0,0,0,13.0,1,0,0,1,0,0,1
191,0.0,2,19.0,0,0,13.0,1,1,0,1,0,1,0
192,1.0,3,19.0,1,0,7.8542,2,0,0,1,1,0,0
193,1.0,2,3.0,1,1,26.0,3,1,0,1,0,0,0
194,1.0,1,44.0,0,0,27.7208,1,0,0,0,0,0,1
195,1.0,1,58.0,0,0,146.5208,1,0,0,0,1,0,0
196,0.0,3,30.0,0,0,7.75,1,1,1,0,0,1,0
197,0.0,3,42.0,0,1,8.4042,2,1,0,1,0,1,0
198,1.0,3,22.0,0,0,7.75,1,0,1,0,1,0,0
199,0.0,2,24.0,0,0,13.0,1,0,0,1,1,0,0
200,0.0,3,28.0,0,0,9.5,1,1,0,1,0,1,0
201,0.0,3,30.0,8,2,69.55,11,1,0,1,0,1,0
202,0.0,3,34.0,0,0,6.4958,1,1,0,1,0,1,0
203,0.0,3,45.5,0,0,7.225,1,1,0,0,0,1,0
204,1.0,3,18.0,0,0,8.05,1,1,0,1,0,1,0
205,0.0,3,2.0,0,1,10.4625,2,0,0,1,1,0,0
206,0.0,3,32.0,1,0,15.85,2,1,0,1,0,1,0
207,1.0,3,26.0,0,0,18.7875,1,1,0,0,0,1,0
208,1.0,3,16.0,0,0,7.75,1,0,1,0,1,0,0
209,1.0,1,40.0,0,0,31.0,1,1,0,0,0,1,0
210,0.0,3,24.0,0,0,7.05,1,1,0,1,0,1,0
211,1.0,2,35.0,0,0,21.0,1,0,0,1,1,0,0
212,0.0,3,22.0,0,0,7.25,1,1,0,1,0,1,0
213,0.0,2,30.0,0,0,13.0,1,1,0,1,0,1,0
214,0.0,3,30.0,1,0,7.75,2,1,1,0,0,1,0
215,1.0,1,31.0,1,0,113.275,2,0,0,0,1,0,0
216,1.0,3,27.0,0,0,7.925,1,0,0,1,1,0,0
217,0.0,2,42.0,1,0,27.0,2,1,0,1,0,1,0
218,1.0,1,32.0,0,0,76.2917,1,0,0,0,1,0,0
219,0.0,2,30.0,0,0,10.5,1,1,0,1,0,1,0
220,1.0,3,16.0,0,0,8.05,1,1,0,1,0,1,0
221,0.0,2,27.0,0,0,13.0,1,1,0,1,0,1,0
222,0.0,3,51.0,0,0,8.05,1,1,0,1,0,1,0
223,0.0,3,30.0,0,0,7.8958,1,1,0,1,0,1,0
224,1.0,1,38.0,1,0,90.0,2,1,0,1,0,1,0
225,0.0,3,22.0,0,0,9.35,1,1,0,1,0,1,0
226,1.0,2,19.0,0,0,10.5,1,1,0,1,0,1,0
227,0.0,3,20.5,0,0,7.25,1,1,0,1,0,1,0
228,0.0,2,18.0,0,0,13.0,1,1,0,1,0,1,0
229,0.0,3,22.0,3,1,25.4667,5,0,0,1,1,0,0
230,1.0,1,35.0,1,0,83.475,2,0,0,1,0,0,1
231,0.0,3,29.0,0,0,7.775,1,1,0,1,0,1,0
232,0.0,2,59.0,0,0,13.5,1,1,0,1,0,1,0
233,1.0,3,5.0,4,2,31.3875,7,0,0,1,1,0,0
234,0.0,2,24.0,0,0,10.5,1,1,0,1,0,1,0
235,0.0,3,22.0,0,0,7.55,1,0,0,1,1,0,0
236,0.0,2,44.0,1,0,26.0,2,1,0,1,0,1,0
237,1.0,2,8.0,0,2,26.25,3,0,0,1,1,0,0
238,0.0,2,19.0,0,0,10.5,1,1,0,1,0,1,0
239,0.0,2,33.0,0,0,12.275,1,1,0,1,0,1,0
240,0.0,3,22.0,1,0,14.4542,2,0,0,0,1,0,0
241,1.0,3,22.0,1,0,15.5,2,0,1,0,1,0,0
242,0.0,2,29.0,0,0,10.5,1,1,0,1,0,1,0
243,0.0,3,22.0,0,0,7.125,1,1,0,1,0,1,0
244,0.0,3,30.0,0,0,7.225,1,1,0,0,0,1,0
245,0.0,1,44.0,2,0,90.0,3,1,1,0,0,1,0
246,0.0,3,25.0,0,0,7.775,1,0,0,1,1,0,0
247,1.0,2,24.0,0,2,14.5,3,0,0,1,0,0,1
248,1.0,1,37.0,1,1,52.5542,3,1,0,1,0,1,0
249,0.0,2,54.0,1,0,26.0,2,1,0,1,0,1,0
250,0.0,3,30.0,0,0,7.25,1,1,0,1,0,1,0
251,0.0,3,29.0,1,1,10.4625,3,0,0,1,0,0,1
252,0.0,1,62.0,0,0,26.55,1,1,0,1,0,1,0
253,0.0,3,30.0,1,0,16.1,2,1,0,1,0,1,0
254,0.0,3,41.0,0,2,20.2125,3,0,0,1,0,0,1
255,1.0,3,29.0,0,2,15.2458,3,0,0,0,0,0,1
256,1.0,1,35.5,0,0,79.2,1,0,0,0,0,0,1
257,1.0,1,30.0,0,0,86.5,1,0,0,1,1,0,0
258,1.0,1,35.0,0,0,512.3292,1,0,0,0,1,0,0
259,1.0,2,50.0,0,1,26.0,2,0,0,1,0,0,1
260,0.0,3,30.0,0,0,7.75,1,1,1,0,0,1,0
261,1.0,3,3.0,4,2,31.3875,7,1,0,1,0,0,0
262,0.0,1,52.0,1,1,79.65,3,1,0,1,0,1,0
263,0.0,1,40.0,0,0,0.0,1,1,0,1,0,1,0
264,0.0,3,22.0,0,0,7.75,1,0,1,0,1,0,0
265,0.0,2,36.0,0,0,10.5,1,1,0,1,0,1,0
266,0.0,3,16.0,4,1,39.6875,6,1,0,1,0,1,0
267,1.0,3,25.0,1,0,7.775,2,1,0,1,0,1,0
268,1.0,1,58.0,0,1,153.4625,2,0,0,1,0,0,1
269,1.0,1,35.0,0,0,135.6333,1,0,0,1,1,0,0
270,0.0,1,30.0,0,0,31.0,1,1,0,1,0,1,0
271,1.0,3,25.0,0,0,0.0,1,1,0,1,0,1,0
272,1.0,2,41.0,0,1,19.5,2,0,0,1,0,0,1
273,0.0,1,37.0,0,1,29.7,2,1,0,0,0,1,0
274,1.0,3,22.0,0,0,7.75,1,0,1,0,1,0,0
275,1.0,1,63.0,1,0,77.9583,2,0,0,1,1,0,0
276,0.0,3,45.0,0,0,7.75,1,0,0,1,1,0,0
277,0.0,2,30.0,0,0,0.0,1,1,0,1,0,1,0
278,0.0,3,7.0,4,1,29.125,6,1,1,0,0,0,0
279,1.0,3,35.0,1,1,20.25,3,0,0,1,0,0,1
280,0.0,3,65.0,0,0,7.75,1,1,1,0,0,1,0
281,0.0,3,28.0,0,0,7.8542,1,1,0,1,0,1,0
282,0.0,3,16.0,0,0,9.5,1,1,0,1,0,1,0
283,1.0,3,19.0,0,0,8.05,1,1,0,1,0,1,0
284,0.0,1,30.0,0,0,26.0,1,1,0,1,0,1,0
285,0.0,3,33.0,0,0,8.6625,1,1,0,0,0,1,0
286,1.0,3,30.0,0,0,9.5,1,1,0,1,0,1,0
287,0.0,3,22.0,0,0,7.8958,1,1,0,1,0,1,0
288,1.0,2,42.0,0,0,13.0,1,1,0,1,0,1,0
289,1.0,3,22.0,0,0,7.75,1,0,1,0,1,0,0
290,1.0,1,26.0,0,0,78.85,1,0,0,1,1,0,0
291,1.0,1,19.0,1,0,91.0792,2,0,0,0,0,0,1
292,0.0,2,36.0,0,0,12.875,1,1,0,0,0,1,0
293,0.0,3,24.0,0,0,8.85,1,0,0,1,1,0,0
294,0.0,3,24.0,0,0,7.8958,1,1,0,1,0,1,0
295,0.0,1,30.0,0,0,27.7208,1,1,0,0,0,1,0
296,0.0,3,23.5,0,0,7.2292,1,1,0,0,0,1,0
297,0.0,1,2.0,1,2,151.55,4,0,0,1,1,0,0
298,1.0,1,30.0,0,0,30.5,1,1,0,1,0,1,0
299,1.0,1,50.0,0,1,247.5208,2,0,0,0,0,0,1
300,1.0,3,22.0,0,0,7.75,1,0,1,0,1,0,0
301,1.0,3,30.0,2,0,23.25,3,1,1,0,0,1,0
302,0.0,3,19.0,0,0,0.0,1,1,0,1,0,1,0
303,1.0,2,22.0,0,0,12.35,1,0,1,0,1,0,0
304,0.0,3,30.0,0,0,8.05,1,1,0,1,0,1,0
305,1.0,1,0.92,1,2,151.55,4,1,0,1,0,0,0
306,1.0,1,22.0,0,0,110.8833,1,0,0,0,1,0,0
307,1.0,1,17.0,1,0,108.9,2,0,0,0,0,0,1
308,0.0,2,30.0,1,0,24.0,2,1,0,0,0,1,0
309,1.0,1,30.0,0,0,56.9292,1,0,0,0,1,0,0
310,1.0,1,24.0,0,0,83.1583,1,0,0,0,1,0,0
311,1.0,1,18.0,2,2,262.375,5,0,0,0,1,0,0
312,0.0,2,26.0,1,1,26.0,3,0,0,1,0,0,1
313,0.0,3,28.0,0,0,7.8958,1,1,0,1,0,1,0
314,0.0,2,43.0,1,1,26.25,3,1,0,1,0,1,0
315,1.0,3,26.0,0,0,7.8542,1,0,0,1,1,0,0
316,1.0,2,24.0,1,0,26.0,2,0,0,1,0,0,1
317,0.0,2,54.0,0,0,14.0,1,1,0,1,0,1,0
318,1.0,1,31.0,0,2,164.8667,3,0,0,1,1,0,0
319,1.0,1,40.0,1,1,134.5,3,0,0,0,0,0,1
320,0.0,3,22.0,0,0,7.25,1,1,0,1,0,1,0
321,0.0,3,27.0,0,0,7.8958,1,1,0,1,0,1,0
322,1.0,2,30.0,0,0,12.35,1,0,1,0,1,0,0
323,1.0,2,22.0,1,1,29.0,3,0,0,1,0,0,1
324,0.0,3,30.0,8,2,69.55,11,1,0,1,0,1,0
325,1.0,1,36.0,0,0,135.6333,1,0,0,0,1,0,0
326,0.0,3,61.0,0,0,6.2375,1,1,0,1,0,1,0
327,1.0,2,36.0,0,0,13.0,1,0,0,1,0,0,1
328,1.0,3,31.0,1,1,20.525,3,0,0,1,0,0,1
329,1.0,1,16.0,0,1,57.9792,2,0,0,0,1,0,0
330,1.0,3,22.0,2,0,23.25,3,0,1,0,1,0,0
331,0.0,1,45.5,0,0,28.5,1,1,0,1,0,1,0
332,0.0,1,38.0,0,1,153.4625,2,1,0,1,0,1,0
333,0.0,3,16.0,2,0,18.0,3,1,0,1,0,1,0
334,1.0,1,35.5,1,0,133.65,2,0,0,1,0,0,1
335,0.0,3,30.0,0,0,7.8958,1,1,0,1,0,1,0
336,0.0,1,29.0,1,0,66.6,2,1,0,1,0,1,0
337,1.0,1,41.0,0,0,134.5,1,0,0,0,1,0,0
338,1.0,3,45.0,0,0,8.05,1,1,0,1,0,1,0
339,0.0,1,45.0,0,0,35.5,1,1,0,1,0,1,0
340,1.0,2,2.0,1,1,26.0,3,1,0,1,0,0,0
341,1.0,1,24.0,3,2,263.0,6,0,0,1,1,0,0
342,0.0,2,28.0,0,0,13.0,1,1,0,1,0,1,0
343,0.0,2,25.0,0,0,13.0,1,1,0,1,0,1,0
344,0.0,2,36.0,0,0,13.0,1,1,0,1,0,1,0
345,1.0,2,24.0,0,0,13.0,1,0,0,1,1,0,0
346,1.0,2,40.0,0,0,13.0,1,0,0,1,1,0,0
347,1.0,3,35.5,1,0,16.1,2,0,0,1,0,0,1
348,1.0,3,3.0,1,1,15.9,3,1,0,1,0,0,0
349,0.0,3,42.0,0,0,8.6625,1,1,0,1,0,1,0
350,0.0,3,23.0,0,0,9.225,1,1,0,1,0,1,0
351,0.0,1,30.0,0,0,35.0,1,1,0,1,0,1,0
352,0.0,3,15.0,1,1,7.2292,3,1,0,0,0,1,0
353,0.0,3,25.0,1,0,17.8,2,1,0,1,0,1,0
354,0.0,3,30.0,0,0,7.225,1,1,0,0,0,1,0
355,0.0,3,28.0,0,0,9.5,1,1,0,1,0,1,0
356,1.0,1,22.0,0,1,55.0,2,0,0,1,1,0,0
357,0.0,2,38.0,0,0,13.0,1,0,0,1,1,0,0
358,1.0,3,22.0,0,0,7.8792,1,0,1,0,1,0,0
359,1.0,3,22.0,0,0,7.8792,1,0,1,0,1,0,0
360,0.0,3,40.0,1,4,27.9,6,1,0,1,0,1,0
361,0.0,2,29.0,1,0,27.7208,2,1,0,0,0,1,0
362,0.0,3,45.0,0,1,14.4542,2,0,0,0,0,0,1
363,0.0,3,35.0,0,0,7.05,1,1,0,1,0,1,0
364,0.0,3,30.0,1,0,15.5,2,1,1,0,0,1,0
365,0.0,3,30.0,0,0,7.25,1,1,0,1,0,1,0
366,1.0,1,60.0,1,0,75.25,2,0,0,0,0,0,1
367,1.0,3,35.5,0,0,7.2292,1,0,0,0,0,0,1
368,1.0,3,22.0,0,0,7.75,1,0,1,0,1,0,0
369,1.0,1,24.0,0,0,69.3,1,0,0,0,0,0,1
370,1.0,1,25.0,1,0,55.4417,2,1,0,0,0,1,0
371,0.0,3,18.0,1,0,6.4958,2,1,0,1,0,1,0
372,0.0,3,19.0,0,0,8.05,1,1,0,1,0,1,0
373,0.0,1,22.0,0,0,135.6333,1,1,0,0,0,1,0
374,0.0,3,3.0,3,1,21.075,5,0,0,1,1,0,0
375,1.0,1,35.5,1,0,82.1708,2,0,0,0,0,0,1
376,1.0,3,22.0,0,0,7.25,1,0,0,1,1,0,0
377,0.0,1,27.0,0,2,211.5,3,1,0,0,0,1,0
378,0.0,3,20.0,0,0,4.0125,1,1,0,0,0,1,0
379,0.0,3,19.0,0,0,7.775,1,1,0,1,0,1,0
380,1.0,1,42.0,0,0,227.525,1,0,0,0,1,0,0
381,1.0,3,1.0,0,2,15.7417,3,0,0,0,1,0,0
382,0.0,3,32.0,0,0,7.925,1,1,0,1,0,1,0
383,1.0,1,35.0,1,0,52.0,2,0,0,1,0,0,1
384,0.0,3,30.0,0,0,7.8958,1,1,0,1,0,1,0
385,0.0,2,18.0,0,0,73.5,1,1,0,1,0,1,0
386,0.0,3,1.0,5,2,46.9,8,1,0,1,0,0,0
387,1.0,2,36.0,0,0,13.0,1,0,0,1,1,0,0
388,0.0,3,30.0,0,0,7.7292,1,1,1,0,0,1,0
389,1.0,2,17.0,0,0,12.0,1,0,0,0,1,0,0
390,1.0,1,36.0,1,2,120.0,4,1,0,1,0,1,0
391,1.0,3,21.0,0,0,7.7958,1,1,0,1,0,1,0
392,0.0,3,28.0,2,0,7.925,3,1,0,1,0,1,0
393,1.0,1,23.0,1,0,113.275,2,0,0,0,1,0,0
394,1.0,3,24.0,0,2,16.7,3,0,0,1,0,0,1
395,0.0,3,22.0,0,0,7.7958,1,1,0,1,0,1,0
396,0.0,3,31.0,0,0,7.8542,1,0,0,1,1,0,0
397,0.0,2,46.0,0,0,26.0,1,1,0,1,0,1,0
398,0.0,2,23.0,0,0,10.5,1,1,0,1,0,1,0
399,1.0,2,28.0,0,0,12.65,1,0,0,1,0,0,1
400,1.0,3,39.0,0,0,7.925,1,1,0,1,0,1,0
401,0.0,3,26.0,0,0,8.05,1,1,0,1,0,1,0
402,0.0,3,21.0,1,0,9.825,2,0,0,1,1,0,0
403,0.0,3,28.0,1,0,15.85,2,1,0,1,0,1,0
404,0.0,3,20.0,0,0,8.6625,1,0,0,1,1,0,0
405,0.0,2,34.0,1,0,21.0,2,1,0,1,0,1,0
406,0.0,3,51.0,0,0,7.75,1,1,0,1,0,1,0
407,1.0,2,3.0,1,1,18.75,3,1,0,1,0,0,0
408,0.0,3,21.0,0,0,7.775,1,1,0,1,0,1,0
409,0.0,3,22.0,3,1,25.4667,5,0,0,1,1,0,0
410,0.0,3,30.0,0,0,7.8958,1,1,0,1,0,1,0
411,0.0,3,30.0,0,0,6.8583,1,1,1,0,0,1,0
412,1.0,1,33.0,1,0,90.0,2,0,1,0,1,0,0
413,0.0,2,30.0,0,0,0.0,1,1,0,1,0,1,0
414,1.0,3,44.0,0,0,7.925,1,1,0,1,0,1,0
415,0.0,3,35.5,0,0,8.05,1,0,0,1,0,0,1
416,1.0,2,34.0,1,1,32.5,3,0,0,1,0,0,1
417,1.0,2,18.0,0,2,13.0,3,0,0,1,1,0,0
418,0.0,2,30.0,0,0,13.0,1,1,0,1,0,1,0
419,0.0,3,10.0,0,2,24.15,3,0,0,1,1,0,0
420,0.0,3,30.0,0,0,7.8958,1,1,0,0,0,1,0
421,0.0,3,21.0,0,0,7.7333,1,1,1,0,0,1,0
422,0.0,3,29.0,0,0,7.875,1,1,0,1,0,1,0
423,0.0,3,28.0,1,1,14.4,3,0,0,1,0,0,1
424,0.0,3,18.0,1,1,20.2125,3,1,0,1,0,1,0
425,0.0,3,30.0,0,0,7.25,1,1,0,1,0,1,0
426,1.0,2,28.0,1,0,26.0,2,0,0,1,0,0,1
427,1.0,2,19.0,0,0,26.0,1,0,0,1,1,0,0
428,0.0,3,30.0,0,0,7.75,1,1,1,0,0,1,0
429,1.0,3,32.0,0,0,8.05,1,1,0,1,0,1,0
430,1.0,1,28.0,0,0,26.55,1,1,0,1,0,1,0
431,1.0,3,35.5,1,0,16.1,2,0,0,1,0,0,1
432,1.0,2,42.0,1,0,26.0,2,0,0,1,0,0,1
433,0.0,3,17.0,0,0,7.125,1,1,0,1,0,1,0
434,0.0,1,50.0,1,0,55.9,2,1,0,1,0,1,0
435,1.0,1,14.0,1,2,120.0,4,0,0,1,1,0,0
436,0.0,3,21.0,2,2,34.375,5,0,0,1,1,0,0
437,1.0,2,24.0,2,3,18.75,6,0,0,1,0,0,1
438,0.0,1,64.0,1,4,263.0,6,1,0,1,0,1,0
439,0.0,2,31.0,0,0,10.5,1,1,0,1,0,1,0
440,1.0,2,45.0,1,1,26.25,3,0,0,1,0,0,1
441,0.0,3,20.0,0,0,9.5,1,1,0,1,0,1,0
442,0.0,3,25.0,1,0,7.775,2,1,0,1,0,1,0
443,1.0,2,28.0,0,0,13.0,1,0,0,1,1,0,0
444,1.0,3,30.0,0,0,8.1125,1,1,0,1,0,1,0
445,1.0,1,4.0,0,2,81.8583,3,1,0,1,0,0,0
446,1.0,2,13.0,0,1,19.5,2,0,0,1,1,0,0
447,1.0,1,34.0,0,0,26.55,1,1,0,1,0,1,0
448,1.0,3,5.0,2,1,19.2583,4,0,0,0,1,0,0
449,1.0,1,52.0,0,0,30.5,1,1,0,1,0,1,0
450,0.0,2,36.0,1,2,27.75,4,1,0,1,0,1,0
451,0.0,3,30.0,1,0,19.9667,2,1,0,1,0,1,0
452,0.0,1,30.0,0,0,27.75,1,1,0,0,0,1,0
453,1.0,1,49.0,1,0,89.1042,2,1,0,0,0,1,0
454,0.0,3,30.0,0,0,8.05,1,1,0,1,0,1,0
455,1.0,3,29.0,0,0,7.8958,1,1,0,0,0,1,0
456,0.0,1,65.0,0,0,26.55,1,1,0,1,0,1,0
457,1.0,1,35.5,1,0,51.8625,2,0,0,1,0,0,1
458,1.0,2,50.0,0,0,10.5,1,0,0,1,1,0,0
459,0.0,3,30.0,0,0,7.75,1,1,1,0,0,1,0
460,1.0,1,48.0,0,0,26.55,1,1,0,1,0,1,0
461,0.0,3,34.0,0,0,8.05,1,1,0,1,0,1,0
462,0.0,1,47.0,0,0,38.5,1,1,0,1,0,1,0
463,0.0,2,48.0,0,0,13.0,1,1,0,1,0,1,0
464,0.0,3,30.0,0,0,8.05,1,1,0,1,0,1,0
465,0.0,3,38.0,0,0,7.05,1,1,0,1,0,1,0
466,0.0,2,30.0,0,0,0.0,1,1,0,1,0,1,0
467,0.0,1,56.0,0,0,26.55,1,1,0,1,0,1,0
468,0.0,3,30.0,0,0,7.725,1,1,1,0,0,1,0
469,1.0,3,0.75,2,1,19.2583,4,0,0,0,1,0,0
470,0.0,3,30.0,0,0,7.25,1,1,0,1,0,1,0
471,0.0,3,38.0,0,0,8.6625,1,1,0,1,0,1,0
472,1.0,2,33.0,1,2,27.75,4,0,0,1,0,0,1
473,1.0,2,23.0,0,0,13.7917,1,0,0,0,0,0,1
474,0.0,3,22.0,0,0,9.8375,1,0,0,1,1,0,0
475,0.0,1,30.0,0,0,52.0,1,1,0,1,0,1,0
476,0.0,2,34.0,1,0,21.0,2,1,0,1,0,1,0
477,0.0,3,29.0,1,0,7.0458,2,1,0,1,0,1,0
478,0.0,3,22.0,0,0,7.5208,1,1,0,1,0,1,0
479,1.0,3,2.0,0,1,12.2875,2,0,0,1,1,0,0
480,0.0,3,9.0,5,2,46.9,8,1,0,1,0,0,0
481,0.0,2,30.0,0,0,0.0,1,1,0,1,0,1,0
482,0.0,3,50.0,0,0,8.05,1,1,0,1,0,1,0
483,1.0,3,63.0,0,0,9.5875,1,0,0,1,0,0,1
484,1.0,1,25.0,1,0,91.0792,2,1,0,0,0,1,0
485,0.0,3,22.0,3,1,25.4667,5,0,0,1,1,0,0
486,1.0,1,35.0,1,0,90.0,2,0,0,1,0,0,1
487,0.0,1,58.0,0,0,29.7,1,1,0,0,0,1,0
488,0.0,3,30.0,0,0,8.05,1,1,0,1,0,1,0
489,1.0,3,9.0,1,1,15.9,3,1,0,1,0,0,0
490,0.0,3,30.0,1,0,19.9667,2,1,0,1,0,1,0
491,0.0,3,21.0,0,0,7.25,1,1,0,1,0,1,0
492,0.0,1,55.0,0,0,30.5,1,1,0,1,0,1,0
493,0.0,1,71.0,0,0,49.5042,1,1,0,0,0,1,0
494,0.0,3,21.0,0,0,8.05,1,1,0,1,0,1,0
495,0.0,3,30.0,0,0,14.4583,1,1,0,0,0,1,0
496,1.0,1,54.0,1,0,78.2667,2,0,0,0,1,0,0
497,0.0,3,30.0,0,0,15.1,1,1,0,1,0,1,0
498,0.0,1,25.0,1,2,151.55,4,0,0,1,0,0,1
499,0.0,3,24.0,0,0,7.7958,1,1,0,1,0,1,0
500,0.0,3,17.0,0,0,8.6625,1,1,0,1,0,1,0
501,0.0,3,21.0,0,0,7.75,1,0,1,0,1,0,0
502,0.0,3,22.0,0,0,7.6292,1,0,1,0,1,0,0
503,0.0,3,37.0,0,0,9.5875,1,0,0,1,1,0,0
504,1.0,1,16.0,0,0,86.5,1,0,0,1,1,0,0
505,0.0,1,18.0,1,0,108.9,2,1,0,0,0,1,0
506,1.0,2,33.0,0,2,26.0,3,0,0,1,0,0,1
507,1.0,1,30.0,0,0,26.55,1,1,0,1,0,1,0
508,0.0,3,28.0,0,0,22.525,1,1,0,1,0,1,0
509,1.0,3,26.0,0,0,56.4958,1,1,0,1,0,1,0
510,1.0,3,29.0,0,0,7.75,1,1,1,0,0,1,0
511,0.0,3,30.0,0,0,8.05,1,1,0,1,0,1,0
512,1.0,1,36.0,0,0,26.2875,1,1,0,1,0,1,0
513,1.0,1,54.0,1,0,59.4,2,0,0,0,0,0,1
514,0.0,3,24.0,0,0,7.4958,1,1,0,1,0,1,0
515,0.0,1,47.0,0,0,34.0208,1,1,0,1,0,1,0
516,1.0,2,34.0,0,0,10.5,1,0,0,1,0,0,1
517,0.0,3,30.0,0,0,24.15,1,1,1,0,0,1,0
518,1.0,2,36.0,1,0,26.0,2,0,0,1,0,0,1
519,0.0,3,32.0,0,0,7.8958,1,1,0,1,0,1,0
520,1.0,1,30.0,0,0,93.5,1,0,0,1,1,0,0
521,0.0,3,22.0,0,0,7.8958,1,1,0,1,0,1,0
522,0.0,3,30.0,0,0,7.225,1,1,0,0,0,1,0
523,1.0,1,44.0,0,1,57.9792,2,0,0,0,0,0,1
524,0.0,3,30.0,0,0,7.2292,1,1,0,0,0,1,0
525,0.0,3,40.5,0,0,7.75,1,1,1,0,0,1,0
526,1.0,2,50.0,0,0,10.5,1,0,0,1,1,0,0
527,0.0,1,30.0,0,0,221.7792,1,1,0,1,0,1,0
528,0.0,3,39.0,0,0,7.925,1,1,0,1,0,1,0
529,0.0,2,23.0,2,1,11.5,4,1,0,1,0,1,0
530,1.0,2,2.0,1,1,26.0,3,0,0,1,1,0,0
531,0.0,3,30.0,0,0,7.2292,1,1,0,0,0,1,0
532,0.0,3,17.0,1,1,7.2292,3,1,0,0,0,1,0
533,1.0,3,35.5,0,2,22.3583,3,0,0,0,0,0,1
534,0.0,3,30.0,0,0,8.6625,1,0,0,1,1,0,0
535,1.0,2,7.0,0,2,26.25,3,0,0,1,1,0,0
536,0.0,1,45.0,0,0,26.55,1,1,0,1,0,1,0
537,1.0,1,30.0,0,0,106.425,1,0,0,0,1,0,0
538,0.0,3,30.0,0,0,14.5,1,1,0,1,0,1,0
539,1.0,1,22.0,0,2,49.5,3,0,0,0,1,0,0
540,1.0,1,36.0,0,2,71.0,3,0,0,1,1,0,0
541,0.0,3,9.0,4,2,31.275,7,0,0,1,1,0,0
542,0.0,3,11.0,4,2,31.275,7,0,0,1,1,0,0
543,1.0,2,32.0,1,0,26.0,2,1,0,1,0,1,0
544,0.0,1,50.0,1,0,106.425,2,1,0,0,0,1,0
545,0.0,1,64.0,0,0,26.0,1,1,0,1,0,1,0
546,1.0,2,19.0,1,0,26.0,2,0,0,1,0,0,1
547,1.0,2,30.0,0,0,13.8625,1,1,0,0,0,1,0
548,0.0,3,33.0,1,1,20.525,3,1,0,1,0,1,0
549,1.0,2,8.0,1,1,36.75,3,1,0,1,0,0,0
550,1.0,1,17.0,0,2,110.8833,3,1,0,0,0,1,0
551,0.0,2,27.0,0,0,26.0,1,1,0,1,0,1,0
552,0.0,3,30.0,0,0,7.8292,1,1,1,0,0,1,0
553,1.0,3,22.0,0,0,7.225,1,1,0,0,0,1,0
554,1.0,3,22.0,0,0,7.775,1,0,0,1,1,0,0
555,0.0,1,62.0,0,0,26.55,1,1,0,1,0,1,0
556,1.0,1,48.0,1,0,39.6,2,0,0,0,0,0,1
557,0.0,1,30.0,0,0,227.525,1,1,0,0,0,1,0
558,1.0,1,39.0,1,1,79.65,3,0,0,1,0,0,1
559,1.0,3,36.0,1,0,17.4,2,0,0,1,0,0,1
560,0.0,3,30.0,0,0,7.75,1,1,1,0,0,1,0
561,0.0,3,40.0,0,0,7.8958,1,1,0,1,0,1,0
562,0.0,2,28.0,0,0,13.5,1,1,0,1,0,1,0
563,0.0,3,30.0,0,0,8.05,1,1,0,1,0,1,0
564,0.0,3,22.0,0,0,8.05,1,0,0,1,1,0,0
565,0.0,3,24.0,2,0,24.15,3,1,0,1,0,1,0
566,0.0,3,19.0,0,0,7.8958,1,1,0,1,0,1,0
567,0.0,3,29.0,0,4,21.075,5,0,0,1,0,0,1
568,0.0,3,30.0,0,0,7.2292,1,1,0,0,0,1,0
569,1.0,3,32.0,0,0,7.8542,1,1,0,1,0,1,0
570,1.0,2,62.0,0,0,10.5,1,1,0,1,0,1,0
571,1.0,1,53.0,2,0,51.4792,3,0,0,1,0,0,1
572,1.0,1,36.0,0,0,26.3875,1,1,0,1,0,1,0
573,1.0,3,22.0,0,0,7.75,1,0,1,0,1,0,0
574,0.0,3,16.0,0,0,8.05,1,1,0,1,0,1,0
575,0.0,3,19.0,0,0,14.5,1,1,0,1,0,1,0
576,1.0,2,34.0,0,0,13.0,1,0,0,1,1,0,0
577,1.0,1,39.0,1,0,55.9,2,0,0,1,0,0,1
578,0.0,3,35.5,1,0,14.4583,2,0,0,0,0,0,1
579,1.0,3,32.0,0,0,7.925,1,1,0,1,0,1,0
580,1.0,2,25.0,1,1,30.0,3,0,0,1,1,0,0
581,1.0,1,39.0,1,1,110.8833,3,0,0,0,0,0,1
582,0.0,2,54.0,0,0,26.0,1,1,0,1,0,1,0
583,0.0,1,36.0,0,0,40.125,1,1,0,0,0,1,0
584,0.0,3,30.0,0,0,8.7125,1,1,0,0,0,1,0
585,1.0,1,18.0,0,2,79.65,3,0,0,1,1,0,0
586,0.0,2,47.0,0,0,15.0,1,1,0,1,0,1,0
587,1.0,1,60.0,1,1,79.2,3,1,0,0,0,1,0
588,0.0,3,22.0,0,0,8.05,1,1,0,1,0,1,0
589,0.0,3,30.0,0,0,8.05,1,1,0,1,0,1,0
590,0.0,3,35.0,0,0,7.125,1,1,0,1,0,1,0
591,1.0,1,52.0,1,0,78.2667,2,0,0,0,0,0,1
592,0.0,3,47.0,0,0,7.25,1,1,0,1,0,1,0
593,0.0,3,22.0,0,2,7.75,3,0,1,0,1,0,0
594,0.0,2,37.0,1,0,26.0,2,1,0,1,0,1,0
595,0.0,3,36.0,1,1,24.15,3,1,0,1,0,1,0
596,1.0,2,22.0,0,0,33.0,1,0,0,1,1,0,0
597,0.0,3,49.0,0,0,0.0,1,1,0,1,0,1,0
598,0.0,3,30.0,0,0,7.225,1,1,0,0,0,1,0
599,1.0,1,49.0,1,0,56.9292,2,1,0,0,0,1,0
600,1.0,2,24.0,2,1,27.0,4,0,0,1,0,0,1
601,0.0,3,30.0,0,0,7.8958,1,1,0,1,0,1,0
602,0.0,1,30.0,0,0,42.4,1,1,0,1,0,1,0
603,0.0,3,44.0,0,0,8.05,1,1,0,1,0,1,0
604,1.0,1,35.0,0,0,26.55,1,1,0,0,0,1,0
605,0.0,3,36.0,1,0,15.55,2,1,0,1,0,1,0
606,0.0,3,30.0,0,0,7.8958,1,1,0,1,0,1,0
607,1.0,1,27.0,0,0,30.5,1,1,0,1,0,1,0
608,1.0,2,22.0,1,2,41.5792,4,0,0,0,0,0,1
609,1.0,1,40.0,0,0,153.4625,1,0,0,1,1,0,0
610,0.0,3,39.0,1,5,31.275,7,0,0,1,0,0,1
611,0.0,3,30.0,0,0,7.05,1,1,0,1,0,1,0
612,1.0,3,22.0,1,0,15.5,2,0,1,0,1,0,0
613,0.0,3,30.0,0,0,7.75,1,1,1,0,0,1,0
614,0.0,3,35.0,0,0,8.05,1,1,0,1,0,1,0
615,1.0,2,24.0,1,2,65.0,4,0,0,1,1,0,0
616,0.0,3,34.0,1,1,14.4,3,1,0,1,0,1,0
617,0.0,3,26.0,1,0,16.1,2,0,0,1,0,0,1
618,1.0,2,4.0,2,1,39.0,4,0,0,1,1,0,0
619,0.0,2,26.0,0,0,10.5,1,1,0,1,0,1,0
620,0.0,3,27.0,1,0,14.4542,2,1,0,0,0,1,0
621,1.0,1,42.0,1,0,52.5542,2,1,0,1,0,1,0
622,1.0,3,20.0,1,1,15.7417,3,1,0,0,0,1,0
623,0.0,3,21.0,0,0,7.8542,1,1,0,1,0,1,0
624,0.0,3,21.0,0,0,16.1,1,1,0,1,0,1,0
625,0.0,1,61.0,0,0,32.3208,1,1,0,1,0,1,0
626,0.0,2,57.0,0,0,12.35,1,1,1,0,0,1,0
627,1.0,1,21.0,0,0,77.9583,1,0,0,1,1,0,0
628,0.0,3,26.0,0,0,7.8958,1,1,0,1,0,1,0
629,0.0,3,30.0,0,0,7.7333,1,1,1,0,0,1,0
630,1.0,1,80.0,0,0,30.0,1,1,0,1,0,1,0
631,0.0,3,51.0,0,0,7.0542,1,1,0,1,0,1,0
632,1.0,1,32.0,0,0,30.5,1,1,0,0,0,1,0
633,0.0,1,30.0,0,0,0.0,1,1,0,1,0,1,0
634,0.0,3,9.0,3,2,27.9,6,0,0,1,1,0,0
635,1.0,2,28.0,0,0,13.0,1,0,0,1,1,0,0
636,0.0,3,32.0,0,0,7.925,1,1,0,1,0,1,0
637,0.0,2,31.0,1,1,26.25,3,1,0,1,0,1,0
638,0.0,3,41.0,0,5,39.6875,6,0,0,1,0,0,1
639,0.0,3,30.0,1,0,16.1,2,1,0,1,0,1,0
640,0.0,3,20.0,0,0,7.8542,1,1,0,1,0,1,0
641,1.0,1,24.0,0,0,69.3,1,0,0,0,1,0,0
642,0.0,3,2.0,3,2,27.9,6,0,0,1,1,0,0
643,1.0,3,30.0,0,0,56.4958,1,1,0,1,0,1,0
644,1.0,3,0.75,2,1,19.2583,4,0,0,0,1,0,0
645,1.0,1,48.0,1,0,76.7292,2,1,0,0,0,1,0
646,0.0,3,19.0,0,0,7.8958,1,1,0,1,0,1,0
647,1.0,1,56.0,0,0,35.5,1,1,0,0,0,1,0
648,0.0,3,30.0,0,0,7.55,1,1,0,1,0,1,0
649,1.0,3,23.0,0,0,7.55,1,0,0,1,1,0,0
650,0.0,3,30.0,0,0,7.8958,1,1,0,1,0,1,0
651,1.0,2,18.0,0,1,23.0,2,0,0,1,1,0,0
652,0.0,3,21.0,0,0,8.4333,1,1,0,1,0,1,0
653,1.0,3,22.0,0,0,7.8292,1,0,1,0,1,0,0
654,0.0,3,18.0,0,0,6.75,1,0,1,0,1,0,0
655,0.0,2,24.0,2,0,73.5,3,1,0,1,0,1,0
656,0.0,3,30.0,0,0,7.8958,1,1,0,1,0,1,0
657,0.0,3,32.0,1,1,15.5,3,0,1,0,0,0,1
658,0.0,2,23.0,0,0,13.0,1,1,0,1,0,1,0
659,0.0,1,58.0,0,2,113.275,3,1,0,0,0,1,0
660,1.0,1,50.0,2,0,133.65,3,1,0,1,0,1,0
661,0.0,3,40.0,0,0,7.225,1,1,0,0,0,1,0
662,0.0,1,47.0,0,0,25.5875,1,1,0,1,0,1,0
663,0.0,3,36.0,0,0,7.4958,1,1,0,1,0,1,0
664,1.0,3,20.0,1,0,7.925,2,1,0,1,0,1,0
665,0.0,2,32.0,2,0,73.5,3,1,0,1,0,1,0
666,0.0,2,25.0,0,0,13.0,1,1,0,1,0,1,0
667,0.0,3,30.0,0,0,7.775,1,1,0,1,0,1,0
668,0.0,3,43.0,0,0,8.05,1,1,0,1,0,1,0
669,1.0,1,35.5,1,0,52.0,2,0,0,1,0,0,1
670,1.0,2,40.0,1,1,39.0,3,0,0,1,0,0,1
671,0.0,1,31.0,1,0,52.0,2,1,0,1,0,1,0
672,0.0,2,70.0,0,0,10.5,1,1,0,1,0,1,0
673,1.0,2,31.0,0,0,13.0,1,1,0,1,0,1,0
674,0.0,2,30.0,0,0,0.0,1,1,0,1,0,1,0
675,0.0,3,18.0,0,0,7.775,1,1,0,1,0,1,0
676,0.0,3,24.5,0,0,8.05,1,1,0,1,0,1,0
677,1.0,3,18.0,0,0,9.8417,1,0,0,1,1,0,0
678,0.0,3,43.0,1,6,46.9,8,0,0,1,0,0,1
679,1.0,1,36.0,0,1,512.3292,2,1,0,0,0,1,0
680,0.0,3,22.0,0,0,8.1375,1,0,1,0,1,0,0
681,1.0,1,27.0,0,0,76.7292,1,1,0,0,0,1,0
682,0.0,3,20.0,0,0,9.225,1,1,0,1,0,1,0
683,0.0,3,14.0,5,2,46.9,8,1,0,1,0,1,0
684,0.0,2,60.0,1,1,39.0,3,1,0,1,0,1,0
685,0.0,2,25.0,1,2,41.5792,4,1,0,0,0,1,0
686,0.0,3,14.0,4,1,39.6875,6,1,0,1,0,1,0
687,0.0,3,19.0,0,0,10.1708,1,1,0,1,0,1,0
688,0.0,3,18.0,0,0,7.7958,1,1,0,1,0,1,0
689,1.0,1,15.0,0,1,211.3375,2,0,0,1,1,0,0
690,1.0,1,31.0,1,0,57.0,2,1,0,1,0,1,0
691,1.0,3,4.0,0,1,13.4167,2,0,0,0,1,0,0
692,1.0,3,30.0,0,0,56.4958,1,1,0,1,0,1,0
693,0.0,3,25.0,0,0,7.225,1,1,0,0,0,1,0
694,0.0,1,60.0,0,0,26.55,1,1,0,1,0,1,0
695,0.0,2,52.0,0,0,13.5,1,1,0,1,0,1,0
696,0.0,3,44.0,0,0,8.05,1,1,0,1,0,1,0
697,1.0,3,22.0,0,0,7.7333,1,0,1,0,1,0,0
698,0.0,1,49.0,1,1,110.8833,3,1,0,0,0,1,0
699,0.0,3,42.0,0,0,7.65,1,1,0,1,0,1,0
700,1.0,1,18.0,1,0,227.525,2,0,0,0,0,0,1
701,1.0,1,35.0,0,0,26.2875,1,1,0,1,0,1,0
702,0.0,3,18.0,0,1,14.4542,2,0,0,0,1,0,0
703,0.0,3,25.0,0,0,7.7417,1,1,1,0,0,1,0
704,0.0,3,26.0,1,0,7.8542,2,1,0,1,0,1,0
705,0.0,2,39.0,0,0,26.0,1,1,0,1,0,1,0
706,1.0,2,45.0,0,0,13.5,1,0,0,1,0,0,1
707,1.0,1,42.0,0,0,26.2875,1,1,0,1,0,1,0
708,1.0,1,22.0,0,0,151.55,1,0,0,1,1,0,0
709,1.0,3,4.0,1,1,15.2458,3,1,0,0,0,0,0
710,1.0,1,24.0,0,0,49.5042,1,0,0,0,1,0,0
711,0.0,1,30.0,0,0,26.55,1,1,0,1,0,1,0
712,1.0,1,48.0,1,0,52.0,2,1,0,1,0,1,0
713,0.0,3,29.0,0,0,9.4833,1,1,0,1,0,1,0
714,0.0,2,52.0,0,0,13.0,1,1,0,1,0,1,0
715,0.0,3,19.0,0,0,7.65,1,1,0,1,0,1,0
716,1.0,1,38.0,0,0,227.525,1,0,0,0,1,0,0
717,1.0,2,27.0,0,0,10.5,1,0,0,1,1,0,0
718,0.0,3,30.0,0,0,15.5,1,1,1,0,0,1,0
719,0.0,3,33.0,0,0,7.775,1,1,0,1,0,1,0
720,1.0,2,6.0,0,1,33.0,2,0,0,1,1,0,0
721,0.0,3,17.0,1,0,7.0542,2,1,0,1,0,1,0
722,0.0,2,34.0,0,0,13.0,1,1,0,1,0,1,0
723,0.0,2,50.0,0,0,13.0,1,1,0,1,0,1,0
724,1.0,1,27.0,1,0,53.1,2,1,0,1,0,1,0
725,0.0,3,20.0,0,0,8.6625,1,1,0,1,0,1,0
726,1.0,2,30.0,3,0,21.0,4,0,0,1,0,0,1
727,1.0,3,22.0,0,0,7.7375,1,0,1,0,1,0,0
728,0.0,2,25.0,1,0,26.0,2,1,0,1,0,1,0
729,0.0,3,25.0,1,0,7.925,2,0,0,1,1,0,0
730,1.0,1,29.0,0,0,211.3375,1,0,0,1,1,0,0
731,0.0,3,11.0,0,0,18.7875,1,1,0,0,0,1,0
732,0.0,2,30.0,0,0,0.0,1,1,0,1,0,1,0
733,0.0,2,23.0,0,0,13.0,1,1,0,1,0,1,0
734,0.0,2,23.0,0,0,13.0,1,1,0,1,0,1,0
735,0.0,3,28.5,0,0,16.1,1,1,0,1,0,1,0
736,0.0,3,48.0,1,3,34.375,5,0,0,1,0,0,1
737,1.0,1,35.0,0,0,512.3292,1,1,0,0,0,1,0
738,0.0,3,30.0,0,0,7.8958,1,1,0,1,0,1,0
739,0.0,3,30.0,0,0,7.8958,1,1,0,1,0,1,0
740,1.0,1,30.0,0,0,30.0,1,1,0,1,0,1,0
741,0.0,1,36.0,1,0,78.85,2,1,0,1,0,1,0
742,1.0,1,21.0,2,2,262.375,5,0,0,0,1,0,0
743,0.0,3,24.0,1,0,16.1,2,1,0,1,0,1,0
744,1.0,3,31.0,0,0,7.925,1,1,0,1,0,1,0
745,0.0,1,70.0,1,1,71.0,3,1,0,1,0,1,0
746,0.0,3,16.0,1,1,20.25,3,1,0,1,0,1,0
747,1.0,2,30.0,0,0,13.0,1,0,0,1,1,0,0
748,0.0,1,19.0,1,0,53.1,2,1,0,1,0,1,0
749,0.0,3,31.0,0,0,7.75,1,1,1,0,0,1,0
750,1.0,2,4.0,1,1,23.0,3,0,0,1,1,0,0
751,1.0,3,6.0,0,1,12.475,2,1,0,1,0,0,0
752,0.0,3,33.0,0,0,9.5,1,1,0,1,0,1,0
753,0.0,3,23.0,0,0,7.8958,1,1,0,1,0,1,0
754,1.0,2,48.0,1,2,65.0,4,0,0,1,0,0,1
755,1.0,2,0.67,1,1,14.5,3,1,0,1,0,0,0
756,0.0,3,28.0,0,0,7.7958,1,1,0,1,0,1,0
757,0.0,2,18.0,0,0,11.5,1,1,0,1,0,1,0
758,0.0,3,34.0,0,0,8.05,1,1,0,1,0,1,0
759,1.0,1,33.0,0,0,86.5,1,0,0,1,0,0,1
760,0.0,3,30.0,0,0,14.5,1,1,0,1,0,1,0
761,0.0,3,41.0,0,0,7.125,1,1,0,1,0,1,0
762,1.0,3,20.0,0,0,7.2292,1,1,0,0,0,1,0
763,1.0,1,36.0,1,2,120.0,4,0,0,1,0,0,1
764,0.0,3,16.0,0,0,7.775,1,1,0,1,0,1,0
765,1.0,1,51.0,1,0,77.9583,2,0,0,1,0,0,1
766,0.0,1,30.0,0,0,39.6,1,1,0,0,0,1,0
767,0.0,3,30.5,0,0,7.75,1,0,1,0,1,0,0
768,0.0,3,30.0,1,0,24.15,2,1,1,0,0,1,0
769,0.0,3,32.0,0,0,8.3625,1,1,0,1,0,1,0
770,0.0,3,24.0,0,0,9.5,1,1,0,1,0,1,0
771,0.0,3,48.0,0,0,7.8542,1,1,0,1,0,1,0
772,0.0,2,57.0,0,0,10.5,1,0,0,1,0,0,1
773,0.0,3,30.0,0,0,7.225,1,1,0,0,0,1,0
774,1.0,2,54.0,1,3,23.0,5,0,0,1,0,0,1
775,0.0,3,18.0,0,0,7.75,1,1,0,1,0,1,0
776,0.0,3,30.0,0,0,7.75,1,1,1,0,0,1,0
777,1.0,3,5.0,0,0,12.475,1,0,0,1,1,0,0
778,0.0,3,30.0,0,0,7.7375,1,1,1,0,0,1,0
779,1.0,1,43.0,0,1,211.3375,2,0,0,1,0,0,1
780,1.0,3,13.0,0,0,7.2292,1,0,0,0,1,0,0
781,1.0,1,17.0,1,0,57.0,2,0,0,1,0,0,1
782,0.0,1,29.0,0,0,30.0,1,1,0,1,0,1,0
783,0.0,3,30.0,1,2,23.45,4,1,0,1,0,1,0
784,0.0,3,25.0,0,0,7.05,1,1,0,1,0,1,0
785,0.0,3,25.0,0,0,7.25,1,1,0,1,0,1,0
786,1.0,3,18.0,0,0,7.4958,1,0,0,1,1,0,0
787,0.0,3,8.0,4,1,29.125,6,1,1,0,0,0,0
788,1.0,3,1.0,1,2,20.575,4,1,0,1,0,0,0
789,0.0,1,46.0,0,0,79.2,1,1,0,0,0,1,0
790,0.0,3,30.0,0,0,7.75,1,1,1,0,0,1,0
791,0.0,2,16.0,0,0,26.0,1,1,0,1,0,1,0
792,0.0,3,22.0,8,2,69.55,11,0,0,1,1,0,0
793,0.0,1,30.0,0,0,30.6958,1,1,0,0,0,1,0
794,0.0,3,25.0,0,0,7.8958,1,1,0,1,0,1,0
795,0.0,2,39.0,0,0,13.0,1,1,0,1,0,1,0
796,1.0,1,49.0,0,0,25.9292,1,0,0,1,0,1,0
797,1.0,3,31.0,0,0,8.6833,1,0,0,1,0,0,1
798,0.0,3,30.0,0,0,7.2292,1,1,0,0,0,1,0
799,0.0,3,30.0,1,1,24.15,3,0,0,1,0,0,1
800,0.0,2,34.0,0,0,13.0,1,1,0,1,0,1,0
801,1.0,2,31.0,1,1,26.25,3,0,0,1,0,0,1
802,1.0,1,11.0,1,2,120.0,4,1,0,1,0,0,0
803,1.0,3,0.42,0,1,8.5167,2,1,0,0,0,0,0
804,1.0,3,27.0,0,0,6.975,1,1,0,1,0,1,0
805,0.0,3,31.0,0,0,7.775,1,1,0,1,0,1,0
806,0.0,1,39.0,0,0,0.0,1,1,0,1,0,1,0
807,0.0,3,18.0,0,0,7.775,1,0,0,1,1,0,0
808,0.0,2,39.0,0,0,13.0,1,1,0,1,0,1,0
809,1.0,1,33.0,1,0,53.1,2,0,0,1,0,0,1
810,0.0,3,26.0,0,0,7.8875,1,1,0,1,0,1,0
811,0.0,3,39.0,0,0,24.15,1,1,0,1,0,1,0
812,0.0,2,35.0,0,0,10.5,1,1,0,1,0,1,0
813,0.0,3,6.0,4,2,31.275,7,0,0,1,1,0,0
814,0.0,3,30.5,0,0,8.05,1,1,0,1,0,1,0
815,0.0,1,30.0,0,0,0.0,1,1,0,1,0,1,0
816,0.0,3,23.0,0,0,7.925,1,0,0,1,1,0,0
817,0.0,2,31.0,1,1,37.0042,3,1,0,0,0,1,0
818,0.0,3,43.0,0,0,6.45,1,1,0,1,0,1,0
819,0.0,3,10.0,3,2,27.9,6,1,0,1,0,0,0
820,1.0,1,52.0,1,1,93.5,3,0,0,1,0,0,1
821,1.0,3,27.0,0,0,8.6625,1,1,0,1,0,1,0
822,0.0,1,38.0,0,0,0.0,1,1,0,1,0,1,0
823,1.0,3,27.0,0,1,12.475,2,0,0,1,0,0,1
824,0.0,3,2.0,4,1,39.6875,6,1,0,1,0,0,0
825,0.0,3,30.0,0,0,6.95,1,1,1,0,0,1,0
826,0.0,3,30.0,0,0,56.4958,1,1,0,1,0,1,0
827,1.0,2,1.0,0,2,37.0042,3,1,0,0,0,0,0
828,1.0,3,30.0,0,0,7.75,1,1,1,0,0,1,0
829,1.0,1,62.0,0,0,80.0,1,0,0,1,0,0,1
830,1.0,3,15.0,1,0,14.4542,2,0,0,0,0,0,1
831,1.0,2,0.83,1,1,18.75,3,1,0,1,0,0,0
832,0.0,3,30.0,0,0,7.2292,1,1,0,0,0,1,0
833,0.0,3,23.0,0,0,7.8542,1,1,0,1,0,1,0
834,0.0,3,18.0,0,0,8.3,1,1,0,1,0,1,0
835,1.0,1,39.0,1,1,83.1583,3,0,0,0,1,0,0
836,0.0,3,21.0,0,0,8.6625,1,1,0,1,0,1,0
837,0.0,3,30.0,0,0,8.05,1,1,0,1,0,1,0
838,1.0,3,32.0,0,0,56.4958,1,1,0,1,0,1,0
839,1.0,1,30.0,0,0,29.7,1,1,0,0,0,1,0
840,0.0,3,20.0,0,0,7.925,1,1,0,1,0,1,0
841,0.0,2,16.0,0,0,10.5,1,1,0,1,0,1,0
842,1.0,1,30.0,0,0,31.0,1,0,0,0,1,0,0
843,0.0,3,34.5,0,0,6.4375,1,1,0,0,0,1,0
844,0.0,3,17.0,0,0,8.6625,1,1,0,1,0,1,0
845,0.0,3,42.0,0,0,7.55,1,1,0,1,0,1,0
846,0.0,3,30.0,8,2,69.55,11,1,0,1,0,1,0
847,0.0,3,35.0,0,0,7.8958,1,1,0,0,0,1,0
848,0.0,2,28.0,0,1,33.0,2,1,0,1,0,1,0
849,1.0,1,35.5,1,0,89.1042,2,0,0,0,0,0,1
850,0.0,3,4.0,4,2,31.275,7,1,0,1,0,0,0
851,0.0,3,74.0,0,0,7.775,1,1,0,1,0,1,0
852,0.0,3,9.0,1,1,15.2458,3,0,0,0,1,0,0
853,1.0,1,16.0,0,1,39.4,2,0,0,1,1,0,0
854,0.0,2,44.0,1,0,26.0,2,0,0,1,0,0,1
855,1.0,3,18.0,0,1,9.35,2,0,0,1,0,0,1
856,1.0,1,45.0,1,1,164.8667,3,0,0,1,0,0,1
857,1.0,1,51.0,0,0,26.55,1,1,0,1,0,1,0
858,1.0,3,24.0,0,3,19.2583,4,0,0,0,0,0,1
859,0.0,3,30.0,0,0,7.2292,1,1,0,0,0,1,0
860,0.0,3,41.0,2,0,14.1083,3,1,0,1,0,1,0
861,0.0,2,21.0,1,0,11.5,2,1,0,1,0,1,0
862,1.0,1,48.0,0,0,25.9292,1,0,0,1,0,0,1
863,0.0,3,22.0,8,2,69.55,11,0,0,1,1,0,0
864,0.0,2,24.0,0,0,13.0,1,1,0,1,0,1,0
865,1.0,2,42.0,0,0,13.0,1,0,0,1,0,0,1
866,1.0,2,27.0,1,0,13.8583,2,0,0,0,1,0,0
867,0.0,1,31.0,0,0,50.4958,1,1,0,1,0,1,0
868,0.0,3,30.0,0,0,9.5,1,1,0,1,0,1,0
869,1.0,3,4.0,1,1,11.1333,3,1,0,1,0,0,0
870,0.0,3,26.0,0,0,7.8958,1,1,0,1,0,1,0
871,1.0,1,47.0,1,1,52.5542,3,0,0,1,0,0,1
872,0.0,1,33.0,0,0,5.0,1,1,0,1,0,1,0
873,0.0,3,47.0,0,0,9.0,1,1,0,1,0,1,0
874,1.0,2,28.0,1,0,24.0,2,0,0,0,0,0,1
875,1.0,3,15.0,0,0,7.225,1,0,0,0,1,0,0
876,0.0,3,20.0,0,0,9.8458,1,1,0,1,0,1,0
877,0.0,3,19.0,0,0,7.8958,1,1,0,1,0,1,0
878,0.0,3,30.0,0,0,7.8958,1,1,0,1,0,1,0
879,1.0,1,56.0,0,1,83.1583,2,0,0,0,0,0,1
880,1.0,2,25.0,0,1,26.0,2,0,0,1,0,0,1
881,0.0,3,33.0,0,0,7.8958,1,1,0,1,0,1,0
882,0.0,3,22.0,0,0,10.5167,1,0,0,1,1,0,0
883,0.0,2,28.0,0,0,10.5,1,1,0,1,0,1,0
884,0.0,3,25.0,0,0,7.05,1,1,0,1,0,1,0
885,0.0,3,39.0,0,5,29.125,6,0,1,0,0,0,1
886,0.0,2,27.0,0,0,13.0,1,1,0,1,0,1,0
887,1.0,1,19.0,0,0,30.0,1,0,0,1,1,0,0
888,0.0,3,22.0,1,2,23.45,4,0,0,1,1,0,0
889,1.0,1,26.0,0,0,30.0,1,1,0,0,0,1,0
890,0.0,3,32.0,0,0,7.75,1,1,1,0,0,1,0
0,,3,34.5,0,0,7.8292,1,1,1,0,0,1,0
1,,3,47.0,1,0,7.0,2,0,0,1,0,0,1
2,,2,62.0,0,0,9.6875,1,1,1,0,0,1,0
3,,3,27.0,0,0,8.6625,1,1,0,1,0,1,0
4,,3,22.0,1,1,12.2875,3,0,0,1,0,0,1
5,,3,14.0,0,0,9.225,1,1,0,1,0,1,0
6,,3,30.0,0,0,7.6292,1,0,1,0,1,0,0
7,,2,26.0,1,1,29.0,3,1,0,1,0,1,0
8,,3,18.0,0,0,7.2292,1,0,0,0,0,0,1
9,,3,21.0,2,0,24.15,3,1,0,1,0,1,0
10,,3,30.0,0,0,7.8958,1,1,0,1,0,1,0
11,,1,46.0,0,0,26.0,1,1,0,1,0,1,0
12,,1,23.0,1,0,82.2667,2,0,0,1,0,0,1
13,,2,63.0,1,0,26.0,2,1,0,1,0,1,0
14,,1,47.0,1,0,61.175,2,0,0,1,0,0,1
15,,2,24.0,1,0,27.7208,2,0,0,0,0,0,1
16,,2,35.0,0,0,12.35,1,1,1,0,0,1,0
17,,3,21.0,0,0,7.225,1,1,0,0,0,1,0
18,,3,27.0,1,0,7.925,2,0,0,1,1,0,0
19,,3,45.0,0,0,7.225,1,0,0,0,0,0,1
20,,1,55.0,1,0,59.4,2,1,0,0,0,1,0
21,,3,9.0,0,1,3.1708,2,1,0,1,0,0,0
22,,1,35.5,0,0,31.6833,1,0,0,1,0,0,1
23,,1,21.0,0,1,61.3792,2,1,0,0,0,1,0
24,,1,48.0,1,3,262.375,5,0,0,0,0,0,1
25,,3,50.0,1,0,14.5,2,1,0,1,0,1,0
26,,1,22.0,0,1,61.9792,2,0,0,0,1,0,0
27,,3,22.5,0,0,7.225,1,1,0,0,0,1,0
28,,1,41.0,0,0,30.5,1,1,0,1,0,1,0
29,,3,30.0,2,0,21.6792,3,1,0,0,0,1,0
30,,2,50.0,1,0,26.0,2,1,0,1,0,1,0
31,,2,24.0,2,0,31.5,3,1,0,1,0,1,0
32,,3,33.0,1,2,20.575,4,0,0,1,0,0,1
33,,3,35.5,1,2,23.45,4,0,0,1,0,0,1
34,,1,30.0,1,0,57.75,2,1,0,0,0,1,0
35,,3,18.5,0,0,7.2292,1,1,0,0,0,1,0
36,,3,22.0,0,0,8.05,1,0,0,1,1,0,0
37,,3,21.0,0,0,8.6625,1,0,0,1,1,0,0
38,,3,25.0,0,0,9.5,1,1,0,1,0,1,0
39,,3,30.0,0,0,56.4958,1,1,0,1,0,1,0
40,,3,39.0,0,1,13.4167,2,1,0,0,0,1,0
41,,1,30.0,0,0,26.55,1,1,0,1,0,1,0
42,,3,41.0,0,0,7.85,1,1,0,1,0,1,0
43,,2,30.0,0,0,13.0,1,0,0,1,0,0,1
44,,1,45.0,1,0,52.5542,2,0,0,1,0,0,1
45,,3,25.0,0,0,7.925,1,1,0,1,0,1,0
46,,1,45.0,0,0,29.7,1,1,0,0,0,1,0
47,,3,30.0,0,0,7.75,1,1,1,0,0,1,0
48,,1,60.0,0,0,76.2917,1,0,0,0,0,0,1
49,,3,36.0,0,2,15.9,3,0,0,1,0,0,1
50,,1,24.0,1,0,60.0,2,1,0,1,0,1,0
51,,2,27.0,0,0,15.0333,1,1,0,0,0,1,0
52,,2,20.0,2,1,23.0,4,0,0,1,1,0,0
53,,1,28.0,3,2,263.0,6,0,0,1,1,0,0
54,,2,30.0,0,0,15.5792,1,1,0,0,0,1,0
55,,3,10.0,4,1,29.125,6,1,1,0,0,0,0
56,,3,35.0,0,0,7.8958,1,1,0,1,0,1,0
57,,3,25.0,0,0,7.65,1,1,0,1,0,1,0
58,,3,30.0,1,0,16.1,2,1,0,1,0,1,0
59,,1,36.0,0,0,262.375,1,0,0,0,1,0,0
60,,3,17.0,0,0,7.8958,1,1,0,1,0,1,0
61,,2,32.0,0,0,13.5,1,1,0,1,0,1,0
62,,3,18.0,0,0,7.75,1,1,0,1,0,1,0
63,,3,22.0,0,0,7.725,1,0,1,0,1,0,0
64,,1,13.0,2,2,262.375,5,1,0,0,0,0,0
65,,2,35.5,0,0,21.0,1,0,0,1,0,0,1
66,,3,18.0,0,0,7.8792,1,0,1,0,1,0,0
67,,1,47.0,0,0,42.4,1,1,0,1,0,1,0
68,,1,31.0,0,0,28.5375,1,1,0,0,0,1,0
69,,1,60.0,1,4,263.0,6,0,0,1,0,0,1
70,,3,24.0,0,0,7.75,1,0,1,0,1,0,0
71,,3,21.0,0,0,7.8958,1,1,0,1,0,1,0
72,,3,29.0,0,0,7.925,1,0,0,1,1,0,0
73,,1,28.5,0,0,27.7208,1,1,0,0,0,1,0
74,,1,35.0,0,0,211.5,1,0,0,0,1,0,0
75,,1,32.5,0,0,211.5,1,1,0,0,0,1,0
76,,3,30.0,0,0,8.05,1,1,0,1,0,1,0
77,,1,55.0,2,0,25.7,3,0,0,1,0,0,1
78,,2,30.0,0,0,13.0,1,1,0,1,0,1,0
79,,3,24.0,0,0,7.75,1,0,1,0,1,0,0
80,,3,6.0,1,1,15.2458,3,1,0,0,0,0,0
81,,1,67.0,1,0,221.7792,2,1,0,1,0,1,0
82,,1,49.0,0,0,26.0,1,1,0,1,0,1,0
83,,3,30.0,0,0,7.8958,1,1,0,1,0,1,0
84,,2,30.0,0,0,10.7083,1,1,1,0,0,1,0
85,,3,30.0,1,0,14.4542,2,1,0,0,0,1,0
86,,3,27.0,0,0,7.8792,1,0,1,0,1,0,0
87,,3,18.0,0,0,8.05,1,0,0,1,1,0,0
88,,3,22.0,0,0,7.75,1,0,1,0,1,0,0
89,,2,2.0,1,1,23.0,3,1,0,1,0,0,0
90,,3,22.0,1,0,13.9,2,0,0,1,0,0,1
91,,3,30.0,0,0,7.775,1,1,0,1,0,1,0
92,,1,27.0,1,2,52.0,4,0,0,1,0,0,1
93,,3,30.0,0,0,8.05,1,1,0,1,0,1,0
94,,1,25.0,0,0,26.0,1,1,0,0,0,1,0
95,,3,25.0,0,0,7.7958,1,1,0,1,0,1,0
96,,1,76.0,1,0,78.85,2,0,0,1,0,0,1
97,,3,29.0,0,0,7.925,1,1,0,1,0,1,0
98,,3,20.0,0,0,7.8542,1,0,0,1,1,0,0
99,,3,33.0,0,0,8.05,1,1,0,1,0,1,0
100,,1,43.0,1,0,55.4417,2,0,0,0,0,0,1
101,,2,27.0,1,0,26.0,2,1,0,1,0,1,0
102,,3,30.0,0,0,7.75,1,1,1,0,0,1,0
103,,3,26.0,0,0,7.775,1,1,0,1,0,1,0
104,,3,16.0,1,1,8.5167,3,0,0,0,0,0,1
105,,3,28.0,0,0,22.525,1,1,0,1,0,1,0
106,,3,21.0,0,0,7.8208,1,1,1,0,0,1,0
107,,3,30.0,0,0,7.75,1,1,1,0,0,1,0
108,,3,30.0,0,0,8.7125,1,1,0,1,0,1,0
109,,2,18.5,0,0,13.0,1,1,0,1,0,1,0
110,,2,41.0,0,0,15.0458,1,1,0,0,0,1,0
111,,3,22.0,0,0,7.7792,1,0,1,0,1,0,0
112,,1,36.0,0,0,31.6792,1,0,0,0,1,0,0
113,,3,18.5,0,0,7.2833,1,0,1,0,1,0,0
114,,1,63.0,1,0,221.7792,2,0,0,1,0,0,1
115,,3,18.0,1,0,14.4542,2,1,0,0,0,1,0
116,,3,30.0,0,0,6.4375,1,1,0,0,0,1,0
117,,3,1.0,1,1,16.7,3,0,0,1,1,0,0
118,,1,36.0,0,0,75.2417,1,1,0,0,0,1,0
119,,2,29.0,1,0,26.0,2,0,0,1,0,0,1
120,,2,12.0,0,0,15.75,1,0,0,1,1,0,0
121,,3,30.0,1,0,7.75,2,1,1,0,0,1,0
122,,1,35.0,1,0,57.75,2,0,0,0,0,0,1
123,,3,28.0,0,0,7.25,1,1,0,1,0,1,0
124,,3,30.0,0,0,7.75,1,1,1,0,0,1,0
125,,3,17.0,0,1,16.1,2,0,0,1,1,0,0
126,,3,22.0,0,0,7.7958,1,1,0,1,0,1,0
127,,3,22.0,2,0,23.25,3,0,1,0,1,0,0
128,,2,42.0,0,0,13.0,1,1,0,1,0,1,0
129,,3,24.0,0,0,8.05,1,1,0,1,0,1,0
130,,3,32.0,0,0,8.05,1,1,0,1,0,1,0
131,,1,53.0,0,0,28.5,1,1,0,0,0,1,0
132,,3,35.5,0,4,25.4667,5,0,0,1,0,0,1
133,,3,30.0,1,0,6.4375,2,1,0,0,0,1,0
134,,3,43.0,0,0,7.8958,1,1,0,1,0,1,0
135,,3,24.0,0,0,7.8542,1,1,0,1,0,1,0
136,,3,26.5,0,0,7.225,1,1,0,0,0,1,0
137,,2,26.0,0,0,13.0,1,1,0,1,0,1,0
138,,3,23.0,0,0,8.05,1,0,0,1,1,0,0
139,,3,40.0,1,6,46.9,8,1,0,1,0,1,0
140,,3,10.0,5,2,46.9,8,0,0,1,1,0,0
141,,1,33.0,0,0,151.55,1,0,0,1,1,0,0
142,,1,61.0,1,3,262.375,5,1,0,0,0,1,0
143,,2,28.0,0,0,26.0,1,1,0,1,0,1,0
144,,1,42.0,0,0,26.55,1,1,0,1,0,1,0
145,,3,31.0,3,0,18.0,4,1,0,1,0,1,0
146,,1,30.0,0,0,51.8625,1,1,0,1,0,1,0
147,,3,22.0,0,0,8.05,1,1,0,1,0,1,0
148,,1,30.0,0,0,26.55,1,1,0,1,0,1,0
149,,2,30.0,1,1,26.0,3,1,0,1,0,1,0
150,,1,23.0,0,1,83.1583,2,0,0,0,0,0,1
151,,3,30.0,0,0,7.8958,1,1,0,0,0,1,0
152,,3,60.5,0,0,33.2954792813456,1,1,0,1,0,1,0
153,,3,36.0,0,2,12.1833,3,0,0,1,0,0,1
154,,3,13.0,4,2,31.3875,7,1,0,1,0,0,0
155,,3,24.0,0,0,7.55,1,1,0,1,0,1,0
156,,1,29.0,0,0,221.7792,1,0,0,1,1,0,0
157,,3,23.0,0,0,7.8542,1,0,0,1,1,0,0
158,,1,42.0,0,0,26.55,1,1,0,1,0,1,0
159,,3,26.0,0,2,13.775,3,0,0,1,0,0,1
160,,3,22.0,0,0,7.7333,1,0,1,0,1,0,0
161,,3,7.0,1,1,15.2458,3,1,0,0,0,0,0
162,,2,26.0,0,0,13.5,1,0,0,1,1,0,0
163,,3,30.0,0,0,7.0,1,1,0,1,0,1,0
164,,2,41.0,0,0,13.0,1,1,0,1,0,1,0
165,,3,26.0,1,1,22.025,3,0,0,1,0,0,1
166,,1,48.0,0,0,50.4958,1,1,0,0,0,1,0
167,,3,18.0,2,2,34.375,5,1,0,1,0,1,0
168,,1,35.5,0,0,27.7208,1,0,0,0,0,0,1
169,,3,22.0,0,0,8.9625,1,0,0,1,1,0,0
170,,3,30.0,0,0,7.55,1,1,0,1,0,1,0
171,,3,27.0,0,0,7.225,1,1,0,0,0,1,0
172,,3,23.0,1,0,13.9,2,1,0,1,0,1,0
173,,3,30.0,0,0,7.2292,1,1,0,0,0,1,0
174,,3,40.0,1,5,31.3875,7,1,0,1,0,1,0
175,,2,15.0,0,2,39.0,3,0,0,1,1,0,0
176,,2,20.0,0,0,36.75,1,0,0,1,1,0,0
177,,1,54.0,1,0,55.4417,2,1,0,0,0,1,0
178,,2,36.0,0,3,39.0,4,0,0,1,0,0,1
179,,1,64.0,0,2,83.1583,3,0,0,0,0,0,1
180,,2,30.0,0,0,13.0,1,1,0,1,0,1,0
181,,1,37.0,1,1,83.1583,3,1,0,0,0,1,0
182,,1,18.0,1,0,53.1,2,0,0,1,0,0,1
183,,3,30.0,0,0,7.75,1,1,1,0,0,1,0
184,,1,27.0,1,1,247.5208,3,0,0,0,0,0,1
185,,2,40.0,0,0,16.0,1,1,0,1,0,1,0
186,,2,21.0,0,1,21.0,2,0,0,1,1,0,0
187,,3,17.0,2,0,8.05,3,1,0,1,0,1,0
188,,3,22.0,8,2,69.55,11,0,0,1,1,0,0
189,,2,40.0,0,0,13.0,1,1,0,1,0,1,0
190,,2,34.0,1,0,26.0,2,1,0,1,0,1,0
191,,1,30.0,0,0,26.0,1,1,0,1,0,1,0
192,,3,11.5,1,1,14.5,3,1,0,1,0,0,0
193,,2,61.0,0,0,12.35,1,1,1,0,0,1,0
194,,2,8.0,0,2,32.5,3,1,0,1,0,0,0
195,,3,33.0,0,0,7.8542,1,1,0,1,0,1,0
196,,1,6.0,0,2,134.5,3,1,0,0,0,0,0
197,,3,18.0,0,0,7.775,1,0,0,1,1,0,0
198,,2,23.0,0,0,10.5,1,1,0,1,0,1,0
199,,3,35.5,0,0,8.1125,1,0,0,1,0,0,1
200,,3,22.0,0,0,15.5,1,0,1,0,1,0,0
201,,3,0.33,0,2,14.4,3,1,0,1,0,0,0
202,,1,47.0,1,0,227.525,2,1,0,0,0,1,0
203,,2,8.0,1,1,26.0,3,0,0,1,1,0,0
204,,2,25.0,0,0,10.5,1,1,0,1,0,1,0
205,,1,30.0,0,0,25.7417,1,1,0,0,0,1,0
206,,3,35.0,0,0,7.75,1,0,1,0,1,0,0
207,,2,24.0,0,0,10.5,1,1,0,1,0,1,0
208,,1,33.0,0,0,27.7208,1,0,0,0,1,0,0
209,,3,25.0,0,0,7.8958,1,1,0,1,0,1,0
210,,3,32.0,0,0,22.525,1,1,0,1,0,1,0
211,,3,30.0,0,0,7.05,1,1,0,1,0,1,0
212,,2,17.0,0,0,73.5,1,1,0,1,0,1,0
213,,2,60.0,1,0,26.0,2,0,0,1,0,0,1
214,,3,38.0,4,2,7.775,7,0,0,1,1,0,0
215,,1,42.0,0,0,42.5,1,1,0,1,0,1,0
216,,3,22.0,0,0,7.8792,1,0,1,0,1,0,0
217,,1,57.0,1,1,164.8667,3,1,0,1,0,1,0
218,,1,50.0,1,1,211.5,3,0,0,0,0,0,1
219,,3,30.0,0,0,8.05,1,1,0,1,0,1,0
220,,2,30.0,1,0,13.8583,2,0,0,0,1,0,0
221,,3,21.0,0,0,8.05,1,1,0,1,0,1,0
222,,2,22.0,0,0,10.5,1,0,0,1,0,0,1
223,,3,21.0,0,0,7.7958,1,1,0,1,0,1,0
224,,1,53.0,0,0,27.4458,1,0,0,0,0,0,1
225,,3,35.5,0,2,15.2458,3,0,0,0,0,0,1
226,,3,23.0,0,0,7.7958,1,1,0,1,0,1,0
227,,3,22.0,0,0,7.75,1,0,1,0,1,0,0
228,,3,40.5,0,0,15.1,1,1,0,1,0,1,0
229,,2,36.0,0,0,13.0,1,1,0,1,0,1,0
230,,2,14.0,0,0,65.0,1,1,0,1,0,1,0
231,,1,21.0,0,0,26.55,1,0,0,1,1,0,0
232,,3,21.0,1,0,6.4958,2,1,0,1,0,1,0
233,,3,30.0,0,0,7.8792,1,1,1,0,0,1,0
234,,1,39.0,1,0,71.2833,2,1,0,0,0,1,0
235,,3,20.0,0,0,7.8542,1,1,0,1,0,1,0
236,,1,64.0,1,0,75.25,2,1,0,0,0,1,0
237,,3,20.0,0,0,7.225,1,1,0,0,0,1,0
238,,2,18.0,1,1,13.0,3,0,0,1,1,0,0
239,,1,48.0,1,0,106.425,2,0,0,0,0,0,1
240,,1,55.0,0,0,27.7208,1,0,0,0,0,0,1
241,,2,45.0,0,2,30.0,3,0,0,1,0,0,1
242,,1,45.0,1,1,134.5,3,1,0,0,0,1,0
243,,3,30.0,0,0,7.8875,1,1,0,1,0,1,0
244,,3,4.0,1,2,23.45,4,1,0,1,0,0,0
245,,1,41.0,1,0,51.8625,2,1,0,1,0,1,0
246,,2,22.0,0,0,21.0,1,0,0,1,0,0,1
247,,2,42.0,1,1,32.5,3,1,0,1,0,1,0
248,,2,29.0,1,0,26.0,2,0,0,1,0,0,1
249,,3,35.5,1,0,14.4542,2,0,0,0,0,0,1
250,,2,0.92,1,2,27.75,4,0,0,1,1,0,0
251,,3,20.0,0,0,7.925,1,1,0,1,0,1,0
252,,1,27.0,1,0,136.7792,2,1,0,0,0,1,0
253,,3,24.0,0,0,9.325,1,1,0,1,0,1,0
254,,3,32.5,0,0,9.5,1,1,0,1,0,1,0
255,,3,30.0,0,0,7.55,1,1,0,1,0,1,0
256,,3,30.0,0,0,7.75,1,1,1,0,0,1,0
257,,3,28.0,0,0,8.05,1,1,0,1,0,1,0
258,,2,19.0,0,0,13.0,1,0,0,1,1,0,0
259,,3,21.0,0,0,7.775,1,1,0,1,0,1,0
260,,3,36.5,1,0,17.4,2,1,0,1,0,1,0
261,,3,21.0,0,0,7.8542,1,1,0,1,0,1,0
262,,2,29.0,0,2,23.0,3,0,0,1,0,0,1
263,,3,1.0,1,1,12.1833,3,0,0,1,1,0,0
264,,2,30.0,0,0,12.7375,1,1,0,0,0,1,0
265,,3,30.0,0,0,7.8958,1,1,0,1,0,1,0
266,,1,30.0,0,0,0.0,1,1,0,1,0,1,0
267,,3,30.0,0,0,7.55,1,1,0,1,0,1,0
268,,3,22.0,0,0,8.05,1,0,0,1,1,0,0
269,,3,17.0,0,0,8.6625,1,1,0,1,0,1,0
270,,1,46.0,0,0,75.2417,1,1,0,0,0,1,0
271,,3,30.0,0,0,7.75,1,1,1,0,0,1,0
272,,1,26.0,1,0,136.7792,2,0,0,0,0,0,1
273,,3,22.0,1,0,15.5,2,0,1,0,1,0,0
274,,3,30.0,0,0,7.225,1,1,0,0,0,1,0
275,,2,20.0,1,0,26.0,2,0,0,1,1,0,0
276,,2,28.0,0,0,10.5,1,1,0,1,0,1,0
277,,2,40.0,1,0,26.0,2,1,0,1,0,1,0
278,,2,30.0,1,0,21.0,2,1,0,1,0,1,0
279,,2,22.0,0,0,10.5,1,1,0,1,0,1,0
280,,3,23.0,0,0,8.6625,1,0,0,1,1,0,0
281,,3,0.75,1,1,13.775,3,1,0,1,0,0,0
282,,3,22.0,0,0,7.75,1,0,1,0,1,0,0
283,,3,9.0,1,1,15.2458,3,0,0,0,1,0,0
284,,3,2.0,1,1,20.2125,3,0,0,1,1,0,0
285,,3,36.0,0,0,7.25,1,1,0,1,0,1,0
286,,3,30.0,0,0,7.25,1,1,0,1,0,1,0
287,,1,24.0,1,0,82.2667,2,1,0,1,0,1,0
288,,3,30.0,0,0,7.2292,1,1,0,0,0,1,0
289,,3,30.0,0,0,8.05,1,1,0,1,0,1,0
290,,1,30.0,0,0,39.6,1,1,0,1,0,1,0
291,,3,30.0,0,0,6.95,1,0,1,0,1,0,0
292,,3,30.0,0,0,7.2292,1,1,0,0,0,1,0
293,,1,53.0,1,1,81.8583,3,1,0,1,0,1,0
294,,3,36.0,0,0,9.5,1,1,0,1,0,1,0
295,,3,26.0,0,0,7.8958,1,1,0,1,0,1,0
296,,2,1.0,1,2,41.5792,4,0,0,0,1,0,0
297,,3,30.0,2,0,21.6792,3,1,0,0,0,1,0
298,,1,30.0,0,0,45.5,1,1,0,1,0,1,0
299,,3,29.0,0,0,7.8542,1,1,0,1,0,1,0
300,,3,32.0,0,0,7.775,1,1,0,1,0,1,0
301,,2,30.0,0,0,15.0458,1,1,0,0,0,1,0
302,,2,43.0,0,1,21.0,2,1,0,1,0,1,0
303,,3,24.0,0,0,8.6625,1,1,0,1,0,1,0
304,,3,22.0,0,0,7.75,1,0,1,0,1,0,0
305,,1,64.0,1,1,26.55,3,0,0,1,0,0,1
306,,1,30.0,1,2,151.55,4,1,0,1,0,1,0
307,,3,0.83,0,1,9.35,2,1,0,1,0,0,0
308,,1,55.0,1,1,93.5,3,1,0,1,0,1,0
309,,3,45.0,1,0,14.1083,2,0,0,1,0,0,1
310,,3,18.0,0,0,8.6625,1,1,0,1,0,1,0
311,,3,22.0,0,0,7.225,1,1,0,0,0,1,0
312,,3,30.0,0,0,7.575,1,1,0,1,0,1,0
313,,3,37.0,0,0,7.75,1,0,1,0,1,0,0
314,,1,55.0,0,0,135.6333,1,0,0,0,0,0,1
315,,3,17.0,0,0,7.7333,1,0,1,0,1,0,0
316,,1,57.0,1,0,146.5208,2,1,0,0,0,1,0
317,,2,19.0,0,0,10.5,1,1,0,1,0,1,0
318,,3,27.0,0,0,7.8542,1,1,0,1,0,1,0
319,,2,22.0,2,0,31.5,3,1,0,1,0,1,0
320,,3,26.0,0,0,7.775,1,1,0,1,0,1,0
321,,3,25.0,0,0,7.2292,1,1,0,0,0,1,0
322,,2,26.0,0,0,13.0,1,1,0,1,0,1,0
323,,1,33.0,0,0,26.55,1,1,0,1,0,1,0
324,,1,39.0,0,0,211.3375,1,0,0,1,1,0,0
325,,3,23.0,0,0,7.05,1,1,0,1,0,1,0
326,,2,12.0,2,1,39.0,4,0,0,1,1,0,0
327,,1,46.0,0,0,79.2,1,1,0,0,0,1,0
328,,2,29.0,1,0,26.0,2,1,0,1,0,1,0
329,,2,21.0,0,0,13.0,1,1,0,1,0,1,0
330,,2,48.0,0,2,36.75,3,0,0,1,0,0,1
331,,1,39.0,0,0,29.7,1,1,0,0,0,1,0
332,,3,30.0,0,0,7.225,1,1,0,0,0,1,0
333,,3,19.0,1,1,15.7417,3,0,0,0,0,0,1
334,,3,27.0,0,0,7.8958,1,1,0,1,0,1,0
335,,1,30.0,0,0,26.0,1,1,0,1,0,1,0
336,,2,32.0,0,0,13.0,1,1,0,1,0,1,0
337,,3,39.0,0,2,7.2292,3,1,0,0,0,1,0
338,,2,25.0,0,0,31.5,1,1,0,1,0,1,0
339,,3,4.0,0,0,7.2292,1,1,0,0,0,0,0
340,,2,18.0,0,0,10.5,1,1,0,1,0,1,0
341,,3,32.0,0,0,7.5792,1,1,0,1,0,1,0
342,,3,30.0,1,9,69.55,11,1,0,1,0,1,0
343,,1,58.0,0,1,512.3292,2,0,0,0,0,0,1
344,,3,4.0,1,1,14.5,3,1,0,1,0,0,0
345,,3,16.0,0,0,7.65,1,0,0,1,1,0,0
346,,2,26.0,0,0,13.0,1,1,0,1,0,1,0
347,,3,38.0,0,0,7.2292,1,0,0,0,0,0,1
348,,2,24.0,0,0,13.5,1,1,0,1,0,1,0
349,,2,31.0,0,0,21.0,1,0,0,1,1,0,0
350,,1,45.0,0,1,63.3583,2,0,0,0,0,0,1
351,,2,25.0,0,0,10.5,1,1,0,1,0,1,0
352,,2,18.0,0,0,73.5,1,1,0,1,0,1,0
353,,2,49.0,1,2,65.0,4,1,0,1,0,1,0
354,,3,0.17,1,2,20.575,4,0,0,1,1,0,0
355,,1,50.0,0,0,26.0,1,1,0,1,0,1,0
356,,1,59.0,2,0,51.4792,3,0,0,1,0,0,1
357,,3,30.0,0,0,7.8792,1,1,0,1,0,1,0
358,,3,30.0,0,0,7.75,1,1,1,0,0,1,0
359,,3,30.0,1,0,15.55,2,0,0,1,0,0,1
360,,3,14.5,8,2,69.55,11,1,0,1,0,0,0
361,,2,24.0,1,1,37.0042,3,0,0,0,0,0,1
362,,2,31.0,0,0,21.0,1,0,0,1,0,0,1
363,,3,27.0,0,0,8.6625,1,1,0,1,0,1,0
364,,1,25.0,1,0,55.4417,2,0,0,0,0,0,1
365,,3,35.5,1,9,69.55,11,0,0,1,0,0,1
366,,3,30.0,1,0,14.4583,2,1,0,0,0,1,0
367,,3,22.0,0,0,39.6875,1,0,0,1,1,0,0
368,,1,45.0,0,1,59.4,2,0,0,0,0,0,1
369,,2,29.0,0,0,13.8583,1,1,0,0,0,1,0
370,,2,21.0,1,0,11.5,2,1,0,1,0,1,0
371,,1,31.0,0,0,134.5,1,0,0,0,1,0,0
372,,1,49.0,0,0,0.0,1,1,0,1,0,1,0
373,,2,44.0,0,0,13.0,1,1,0,1,0,1,0
374,,1,54.0,1,1,81.8583,3,0,0,1,0,0,1
375,,1,45.0,0,0,262.375,1,0,0,0,1,0,0
376,,3,22.0,2,0,8.6625,3,0,0,1,1,0,0
377,,2,21.0,0,0,11.5,1,1,0,1,0,1,0
378,,1,55.0,0,0,50.0,1,1,0,1,0,1,0
379,,3,5.0,4,2,31.3875,7,1,0,1,0,0,0
380,,3,30.0,0,0,7.75,1,1,1,0,0,1,0
381,,3,26.0,0,0,7.8792,1,1,1,0,0,1,0
382,,3,35.5,0,0,14.5,1,0,0,1,0,0,1
383,,3,19.0,1,0,16.1,2,0,0,1,0,0,1
384,,2,30.0,0,0,12.875,1,1,0,1,0,1,0
385,,2,24.0,1,2,65.0,4,0,0,1,1,0,0
386,,3,24.0,0,0,7.775,1,1,0,1,0,1,0
387,,2,57.0,0,0,13.0,1,1,0,1,0,1,0
388,,3,21.0,0,0,7.75,1,1,1,0,0,1,0
389,,3,6.0,3,1,21.075,5,1,0,1,0,0,0
390,,1,23.0,0,0,93.5,1,1,0,1,0,1,0
391,,1,51.0,0,1,39.4,2,0,0,1,0,0,1
392,,3,13.0,0,2,20.25,3,1,0,1,0,0,0
393,,2,47.0,0,0,10.5,1,1,0,1,0,1,0
394,,3,29.0,3,1,22.025,5,1,0,1,0,1,0
395,,1,18.0,1,0,60.0,2,0,0,1,0,0,1
396,,3,24.0,0,0,7.25,1,1,1,0,0,1,0
397,,1,48.0,1,1,79.2,3,0,0,0,0,0,1
398,,3,22.0,0,0,7.775,1,1,0,1,0,1,0
399,,3,31.0,0,0,7.7333,1,1,1,0,0,1,0
400,,1,30.0,0,0,164.8667,1,0,0,1,1,0,0
401,,2,38.0,1,0,21.0,2,1,0,1,0,1,0
402,,1,22.0,0,1,59.4,2,0,0,0,1,0,0
403,,1,17.0,0,0,47.1,1,1,0,1,0,1,0
404,,1,43.0,1,0,27.7208,2,1,0,0,0,1,0
405,,2,20.0,0,0,13.8625,1,1,0,0,0,1,0
406,,2,23.0,1,0,10.5,2,1,0,1,0,1,0
407,,1,50.0,1,1,211.5,3,1,0,0,0,1,0
408,,3,22.0,0,0,7.7208,1,0,1,0,1,0,0
409,,3,3.0,1,1,13.775,3,0,0,1,1,0,0
410,,3,22.0,0,0,7.75,1,0,1,0,1,0,0
411,,1,37.0,1,0,90.0,2,0,1,0,0,0,1
412,,3,28.0,0,0,7.775,1,0,0,1,1,0,0
413,,3,30.0,0,0,8.05,1,1,0,1,0,1,0
414,,1,39.0,0,0,108.9,1,0,0,0,0,0,1
415,,3,38.5,0,0,7.25,1,1,0,1,0,1,0
416,,3,30.0,0,0,8.05,1,1,0,1,0,1,0
417,,3,4.0,1,1,22.3583,3,1,0,0,0,0,0
